-155 2
-130 2
-128 2
-127 3
-114 2
-113 2
-105 2
-102 1
-100 1
-99 2
-98 4
-93 2
-91 2
-89 2
-88 6
-86 5
-85 4
-84 4
-82 2
-79 2
-77 1
-75 4
-74 1
-73 2
-72 5
-71 8
-70 8
-68 2
-65 5
-63 5
-61 3
-60 4
-59 6
-58 6
-57 14
-56 16
-55 4
-54 5
-52 2
-51 3
-49 9
-48 4
-47 12
-46 7
-45 7
-44 8
-43 15
-42 15
-41 12
-40 9
-39 4
-38 2
-37 7
-35 6
-34 4
-33 16
-32 8
-31 15
-30 13
-29 27
-28 21
-27 18
-26 13
-25 10
-24 7
-23 9
-22 4
-21 14
-20 2
-19 14
-18 12
-17 34
-16 23
-15 40
-14 38
-13 26
-12 16
-11 10
-10 5
-9 16
-8 6
-7 15
-6 8
-5 25
-4 12
-3 20
-2 18
-1 46
0 52
1 64
2 45
3 25
4 28
5 18
6 28
7 19
8 12
9 36
10 25
11 40
12 30
13 57
14 82
15 56
16 67
17 38
18 28
19 27
20 13
21 19
22 21
23 32
24 19
25 56
26 42
27 76
28 105
29 75
30 56
31 29
32 59
33 24
34 47
35 28
36 25
37 47
38 38
39 48
40 42
41 87
42 122
43 131
44 106
45 65
46 61
47 26
48 56
49 26
50 34
51 51
52 30
53 67
54 57
55 96
56 142
57 133
58 122
59 73
60 75
61 31
62 62
63 28
64 36
65 42
66 43
67 74
68 69
69 108
70 162
71 151
72 119
73 72
74 95
75 29
76 90
77 29
78 55
79 48
80 76
81 61
82 65
83 105
84 173
85 191
86 161
87 117
88 108
89 36
90 103
91 26
92 48
93 44
94 59
95 60
96 88
97 100
98 200
99 180
100 180
101 103
102 118
103 33
104 119
105 34
106 74
107 36
108 81
109 60
110 82
111 100
112 213
113 165
114 172
115 102
116 131
117 37
118 125
119 29
120 88
121 35
122 96
123 28
124 76
125 69
126 213
127 182
128 179
129 119
130 131
131 28
132 149
133 39
134 70
135 32
136 102
137 31
138 84
139 61
140 194
141 146
142 163
143 98
144 131
145 46
146 118
147 29
148 102
149 26
150 87
151 26
152 60
153 57
154 160
155 120
156 134
157 84
158 90
159 23
160 117
161 45
162 112
163 24
164 117
165 18
166 58
167 38
168 104
169 112
170 120
171 94
172 69
173 34
174 107
175 39
176 76
177 17
178 102
179 22
180 44
181 44
182 74
183 94
184 95
185 70
186 61
187 46
188 86
189 40
190 105
191 21
192 112
193 23
194 28
195 49
196 64
197 57
198 85
199 66
200 43
201 44
202 76
203 54
204 121
205 23
206 113
207 21
208 31
209 39
210 56
211 54
212 75
213 57
214 57
215 62
216 76
217 88
218 87
219 23
220 104
221 24
222 28
223 42
224 71
225 67
226 74
227 43
228 68
229 78
230 65
231 52
232 107
233 31
234 96
235 16
236 27
237 41
238 80
239 36
240 78
241 35
242 59
243 60
244 62
245 72
246 103
247 23
248 79
249 8
250 24
251 19
252 76
253 58
254 66
255 25
256 53
257 59
258 57
259 81
260 68
261 18
262 77
263 12
264 23
265 20
266 71
267 55
268 59
269 23
270 46
271 62
272 30
273 51
274 68
275 18
276 66
277 2
278 18
279 15
280 58
281 38
282 58
283 22
284 15
285 25
286 30
287 74
288 58
289 8
290 44
291 12
292 16
293 7
294 51
295 50
296 35
297 15
298 22
299 33
300 24
301 76
302 27
303 5
304 64
305 12
306 18
307 14
308 60
309 55
310 24
311 21
312 9
313 35
314 25
315 52
316 27
317 8
318 44
319 9
320 15
321 10
322 58
323 38
324 34
325 23
326 17
327 31
328 34
329 68
330 18
331 5
332 35
333 15
334 15
335 9
336 56
337 45
338 21
339 15
340 27
341 30
342 29
343 51
344 11
345 12
346 45
347 15
348 25
349 14
350 54
351 40
352 31
353 16
354 18
355 28
356 36
357 13
358 8
359 7
360 39
361 11
362 27
363 9
364 38
365 23
366 37
367 15
368 26
369 16
370 30
371 27
372 5
373 5
374 41
375 15
376 12
377 10
378 32
379 19
380 41
381 12
382 31
383 15
384 22
385 19
386 8
387 12
388 51
389 13
390 26
391 15
392 28
393 12
394 33
395 13
396 25
397 13
398 20
399 25
400 10
401 5
402 40
403 8
404 24
405 10
406 22
407 9
408 45
409 16
410 28
411 12
412 16
413 39
414 13
415 8
416 31
417 8
418 23
419 10
420 18
421 17
422 40
423 12
424 30
425 11
426 16
427 33
428 11
429 13
430 28
431 2
432 32
433 11
434 16
435 11
436 30
437 16
438 19
439 8
440 19
441 28
442 13
443 12
444 5
446 30
447 10
448 10
449 18
450 36
451 8
452 17
453 13
454 16
455 30
456 14
457 10
458 8
460 24
461 2
462 4
463 18
464 27
465 7
466 12
467 8
468 6
469 12
470 18
471 16
472 3
474 25
475 5
476 4
477 14
478 17
479 6
480 10
481 7
482 8
483 3
484 15
485 8
486 7
487 2
488 16
489 6
490 9
491 18
492 16
493 3
494 10
495 10
496 4
497 4
498 21
499 7
500 4
502 10
503 3
504 4
505 16
506 15
507 6
508 6
509 5
510 2
511 11
512 22
513 10
514 5
515 1
516 8
517 6
518 4
519 12
520 2
521 9
522 13
523 5
524 4
525 10
526 19
527 7
528 6
529 2
530 6
531 9
532 6
533 13
534 3
535 6
536 12
537 5
538 6
539 6
540 23
541 20
542 5
543 3
544 12
545 6
546 4
547 12
548 4
549 6
550 10
551 4
552 6
553 14
554 22
555 7
556 6
557 2
558 10
559 6
560 4
561 4
562 2
563 6
564 12
565 6
566 4
567 12
568 19
569 13
570 8
571 4
572 20
573 6
574 7
575 2
576 3
577 2
578 10
579 6
580 5
581 12
582 14
583 16
584 8
585 4
586 17
588 8
589 1
590 2
592 4
593 4
594 4
595 20
596 13
597 11
598 4
599 5
600 21
601 4
602 5
603 2
604 1
605 1
606 6
607 5
608 1
609 20
610 4
611 14
612 5
613 4
614 23
616 11
617 1
618 2
619 2
620 6
621 4
622 3
623 16
624 2
625 22
626 10
627 4
628 18
629 2
630 5
631 2
632 7
633 1
634 3
635 4
636 5
637 16
638 4
639 16
640 1
641 4
642 18
643 4
644 5
645 3
646 2
647 2
648 4
649 2
650 3
651 8
652 4
653 15
654 6
655 3
656 26
657 2
658 8
659 6
660 6
661 3
662 3
663 1
664 4
666 4
667 16
668 11
669 4
670 16
671 4
672 9
673 2
674 6
675 2
676 2
677 2
678 5
680 5
681 3
682 8
683 3
684 22
685 6
686 6
687 4
688 5
689 2
690 2
691 1
692 2
694 4
695 6
696 10
697 2
698 25
699 4
700 11
701 4
702 6
703 2
704 2
705 2
706 2
708 2
709 2
710 17
711 2
712 10
713 6
714 10
715 2
716 8
719 3
720 2
722 2
723 4
724 10
725 2
726 13
727 4
728 6
729 4
730 10
733 2
737 4
738 10
740 14
741 1
742 9
743 6
744 8
747 2
751 2
752 12
753 2
754 9
755 2
756 6
757 4
758 13
761 2
765 6
766 4
768 11
769 1
770 5
771 4
772 7
779 6
780 4
781 1
782 11
783 8
784 7
785 4
786 7
789 2
793 5
794 9
795 2
796 4
797 3
798 7
800 8
807 6
808 4
809 1
810 4
811 5
812 4
814 7
817 1
820 2
821 7
822 4
823 2
824 2
825 8
826 4
828 6
831 4
835 2
836 6
837 3
839 5
840 2
842 8
845 3
846 2
848 1
849 4
850 2
851 2
853 6
856 6
859 3
860 2
862 4
863 4
864 4
865 2
867 9
870 4
873 6
874 1
876 3
877 3
878 6
879 2
881 8
884 4
887 5
888 3
890 3
891 4
892 6
895 6
901 5
902 3
904 6
905 3
906 4
909 7
915 7
916 3
918 5
919 2
920 5
921 2
923 6
929 5
930 5
932 5
933 2
934 2
937 1
940 2
943 4
944 5
946 7
947 8
948 1
949 1
951 4
956 4
957 4
958 4
960 5
962 2
963 2
965 7
968 1
969 4
971 2
972 6
974 4
975 3
976 3
977 1
979 4
982 2
984 2
986 2
988 4
989 6
990 2
991 2
993 6
996 1
997 2
998 4
1000 1
1002 2
1003 3
1004 2
1005 3
1007 8
1010 2
1011 4
1012 2
1014 2
1017 6
1018 2
1019 2
1021 4
1024 3
1025 2
1026 4
1028 1
1031 9
1033 2
1035 4
1038 2
1039 4
1040 6
1042 2
1045 6
1046 2
1047 2
1049 4
1052 2
1053 6
1054 4
1056 3
1059 6
1066 2
1067 4
1068 4
1070 2
1073 6
1074 1
1081 4
1082 4
1084 2
1088 2
1095 4
1098 2
1102 1
1106 4
1116 2
1118 4
1130 3
1134 2
1144 2
1146 2
1148 4
1158 2
1160 4
1162 2
1172 2
1174 2
1176 4
1188 4
1190 6
1202 6
1204 6
1216 6
1218 4
1230 4
1232 5
1244 5
1246 2
1258 2
1260 1
1272 1
1274 2
1286 2
1288 3
1293 4
1298 2
1300 3
1302 2
1314 2
1316 2
1321 2
1326 1
1328 2
1330 2
1335 4
1340 2
1342 2
1349 2
1354 1
1363 4
1368 2
1377 6
1382 3
1391 4
1396 2
1405 4
1410 2
1419 4
1424 2
1445 2
1461 2
1473 1
1487 2
1489 1
1501 1
1503 2
1515 2
1517 1
1529 3
1531 2
1543 2
1545 3
1557 2
1559 2
1571 2
1573 6
1587 2
1601 2
1607 2
1615 4
1621 2
1623 2
1629 2
1635 1
1643 4
1649 3
1651 1
1657 6
1663 3
1665 2
1671 4
1677 3
1679 1
1685 4
1691 5
1693 2
1699 4
1705 5
1707 3
1719 4
1721 2
1733 4
1735 2
1747 2
1749 2
1769 2
1797 1
1811 2
1825 1
1839 2
1853 3
1867 2
1881 2
1895 2
1971 2
1999 1
2013 2
2027 1
2041 2
2055 3
2069 2
2083 2
2097 2
2136 2
2164 1
2178 2
2192 1
2206 2
2220 3
2234 2
2248 2
2262 2
3550 2
3578 1
3592 2
3606 1
3620 2
3634 3
3648 2
3662 2
3676 2
