-128 1
-114 1
-105 1
-98 2
-93 1
-91 1
-89 1
-88 1
-86 1
-84 2
-82 1
-79 1
-75 2
-73 1
-72 1
-71 2
-70 3
-68 1
-65 2
-63 1
-61 1
-59 3
-58 1
-57 4
-56 5
-55 2
-54 2
-52 1
-49 3
-48 2
-47 3
-45 2
-43 4
-42 3
-41 6
-40 3
-39 2
-38 1
-37 1
-35 1
-34 2
-33 5
-32 2
-31 5
-30 2
-29 7
-28 2
-27 7
-26 4
-25 5
-24 3
-23 1
-22 2
-21 2
-18 3
-17 6
-16 4
-15 8
-14 5
-13 8
-12 3
-11 4
-10 1
-9 4
-8 3
-7 1
-6 1
-5 2
-4 1
-3 2
-2 3
-1 6
0 9
1 5
2 7
3 2
4 4
6 2
7 1
8 1
9 3
10 3
11 2
12 4
13 4
14 12
15 6
16 12
17 2
18 4
19 4
20 1
22 4
23 2
24 2
25 3
26 4
27 3
28 7
29 2
30 5
31 2
32 6
33 1
34 6
35 2
36 1
38 1
39 1
40 3
41 3
42 6
43 5
44 4
46 3
48 2
49 2
50 4
53 1
55 2
56 1
57 6
58 5
59 1
60 3
62 1
64 1
66 2
68 1
69 1
71 4
72 2
73 2
74 1
76 2
80 7
81 1
83 1
85 2
87 1
89 1
90 1
92 1
99 3
105 3
106 1
109 2
111 2
115 3
129 1
140 3
144 3
145 3
148 3
217 3
225 2
226 2
227 1
229 2
236 1
304 4
