0 3
1 42
2 28
3 16
4 22
5 6
6 26
7 6
8 6
9 10
10 14
11 6
12 10
13 12
14 44
15 43
16 58
17 30
18 29
19 13
20 19
21 3
22 17
23 9
24 13
25 11
26 21
27 16
28 71
29 86
30 80
31 39
32 80
33 16
34 68
35 15
36 26
37 23
38 42
39 15
40 37
41 33
42 133
43 176
44 172
45 93
46 119
47 31
48 107
49 22
50 51
51 38
52 53
53 30
54 68
55 54
56 230
57 264
58 272
59 140
60 200
61 49
62 173
63 36
64 80
65 56
66 97
67 45
68 110
69 86
70 361
71 372
72 387
73 199
74 294
75 67
76 254
77 50
78 134
79 80
80 160
81 65
82 158
83 123
84 505
85 490
86 515
87 284
88 393
89 86
90 337
91 67
92 169
93 99
94 191
95 81
96 223
97 160
98 646
99 550
100 598
101 316
102 450
103 85
104 401
105 85
106 227
107 105
108 240
109 94
110 250
111 184
112 700
113 531
114 587
115 329
116 447
117 76
118 409
119 85
120 251
121 90
122 263
123 78
124 253
125 163
126 640
127 518
128 522
129 326
130 387
131 54
132 427
133 98
134 243
135 74
136 297
137 72
138 228
139 154
140 507
141 452
142 446
143 313
144 297
145 71
146 364
147 88
148 268
149 56
150 293
151 66
152 174
153 140
154 354
155 365
156 362
157 283
158 199
159 69
160 330
161 112
162 294
163 53
164 347
165 71
166 140
167 137
168 226
169 281
170 302
171 267
172 160
173 112
174 290
175 121
176 298
177 58
178 352
179 82
180 109
181 152
182 176
183 222
184 261
185 227
186 164
187 154
188 271
189 149
190 329
191 76
192 357
193 85
194 97
195 162
196 189
197 170
198 253
199 185
200 191
201 194
202 258
203 169
204 349
205 90
206 343
207 74
208 86
209 144
210 213
211 151
212 252
213 148
214 227
215 223
216 240
217 171
218 326
219 92
220 322
221 50
222 86
223 115
224 232
225 141
226 248
227 109
228 237
229 221
230 204
231 159
232 304
233 85
234 282
235 30
236 72
237 89
238 210
239 120
240 243
241 82
242 194
243 180
244 139
245 134
246 265
247 66
248 221
249 10
250 58
251 53
252 154
253 100
254 213
255 59
256 116
257 106
258 93
259 107
260 183
261 40
262 180
263 4
264 40
265 31
266 88
267 79
268 150
269 45
270 60
271 56
272 46
273 62
274 102
275 18
276 128
278 16
279 18
280 48
281 56
282 82
283 36
284 14
285 14
286 22
287 34
288 46
289 6
290 86
292 8
293 8
294 20
295 28
296 32
297 26
298 4
299 4
300 8
301 10
302 8
304 38
307 4
308 8
309 14
310 6
311 12
314 2
315 2
316 2
318 16
321 2
322 4
323 2
325 6
