3 269
4 439
5 309
6 95
7 276
9 109
10 275
11 287
12 109
13 291
15 130
16 139
17 153
18 305
19 112
21 155
22 157
23 405
24 173
25 158
27 297
28 266
29 97
30 100
33 148
34 153
35 105
39 166
40 151
43 358
46 301
47 282
48 168
49 189
53 116
56 146
57 123
67 156
74 158
81 113
85 165
90 203
93 173
108 147
109 233
110 198
111 145
112 120
114 155
115 155
116 201
117 107
118 181
120 164
121 95
122 217
125 167
126 208
127 170
130 164
131 197
132 189
135 186
142 144
148 248
149 145
155 194
157 268
159 123
160 218
162 243
164 232
165 221
166 117
169 117
170 196
173 201
177 230
178 213
180 279
183 59
187 219
188 233
190 114
191 179
192 173
193 210
195 122
196 215
200 201
206 227
213 191
214 244
220 244
223 130
227 229
228 278
231 148
232 44
235 239
239 241
240 114
242 202
243 255
246 239
247 272
250 175
251 183
252 232
255 352
256 197
259 181
260 225
263 165
268 219
269 219
270 305
271 374
273 208
274 315
275 288
276 253
277 319
279 271
280 399
281 303
282 179
283 182
285 301
286 142
287 286
288 227
289 169
292 296
293 259
294 105
295 320
296 300
298 268
299 183
300 330
301 272
302 113
304 345
305 497
306 530
307 640
308 518
310 446
311 359
312 418
313 329
314 264
316 401
317 160
318 316
319 313
320 452
322 364
323 307
324 322
325 165
326 174
328 271
329 464
330 557
331 442
332 444
334 722
335 253
336 228
337 276
338 218
340 525
341 337
342 376
343 277
344 305
346 386
347 371
348 223
349 251
350 403
352 423
353 308
354 363
355 482
356 579
358 435
359 498
360 210
361 199
362 232
364 460
365 241
366 202
367 526
368 548
370 255
371 256
372 247
373 229
374 268
376 276
377 334
378 319
379 312
380 287
382 353
383 393
384 290
385 301
386 318
388 230
389 372
390 257
391 336
392 507
394 228
395 381
396 375
397 267
398 378
400 382
401 254
402 376
403 351
404 280
406 411
407 312
408 298
409 226
410 194
412 318
413 241
414 190
415 279
416 298
418 362
419 302
420 394
421 482
422 401
424 344
425 627
426 488
427 552
428 516
430 345
431 484
432 365
433 405
434 428
436 417
437 387
438 381
439 322
440 405
442 269
443 470
444 420
445 414
446 422
448 277
449 199
450 249
451 246
452 224
454 259
455 273
456 289
457 271
458 247
460 234
461 269
462 253
463 264
464 381
466 317
467 274
468 262
469 219
470 279
472 328
473 228
474 207
475 302
476 227
478 110
479 141
480 177
481 172
482 133
484 177
485 125
486 134
487 154
488 182
490 179
491 161
492 175
493 98
494 126
496 183
497 102
498 109
499 158
500 82
502 149
503 121
504 120
505 485
506 246
508 114
509 115
510 138
511 132
512 224
514 258
515 237
516 219
517 243
518 175
520 145
521 226
522 161
523 214
524 269
526 243
527 139
528 222
529 193
530 236
532 210
533 310
534 261
535 252
536 268
538 273
539 356
540 302
541 302
542 193
544 238
545 240
546 358
547 313
548 297
550 324
551 346
552 311
553 306
554 407
556 304
557 288
558 324
559 300
560 349
562 387
563 224
564 412
565 224
566 305
568 264
569 291
570 257
571 265
572 307
574 342
575 394
576 365
577 395
578 440
580 289
581 256
582 345
583 502
584 402
586 341
587 312
588 406
589 320
590 203
592 388
593 353
594 462
595 432
596 250
598 385
599 356
600 263
601 431
602 459
604 332
605 338
606 238
607 348
608 280
610 343
611 278
612 260
613 370
614 358
616 457
617 318
618 347
619 471
620 375
622 331
623 304
624 705
625 338
626 279
628 315
629 617
630 314
631 379
632 323
634 274
635 519
636 234
637 254
638 312
640 823
641 562
642 857
643 829
644 369
646 369
647 531
648 655
649 548
650 489
652 434
653 308
654 216
655 265
656 248
658 178
659 274
660 255
661 285
662 305
664 211
665 273
666 296
667 362
668 293
670 296
671 290
672 239
673 305
674 384
676 289
677 325
678 284
679 274
680 199
682 300
683 158
684 150
685 415
686 184
688 159
689 135
690 213
691 136
692 266
694 253
695 316
696 211
697 178
698 261
700 116
701 297
702 280
703 349
704 157
706 199
707 163
708 307
709 299
710 365
712 305
713 430
714 138
715 461
716 292
718 275
719 348
720 351
721 370
722 280
724 267
725 310
726 339
727 348
728 343
730 318
731 375
732 384
733 280
734 354
736 351
737 267
738 321
739 249
740 241
742 326
743 276
744 293
745 198
746 354
748 239
749 322
750 324
751 227
752 313
754 245
755 284
756 256
757 314
758 403
760 251
761 331
762 332
763 359
764 316
766 444
767 250
768 247
769 336
770 356
772 185
773 348
774 315
775 344
776 381
778 276
779 256
780 315
781 340
782 333
784 340
785 317
786 292
787 264
788 390
790 318
791 285
792 289
793 373
794 420
796 434
797 340
798 322
799 323
800 326
802 393
803 274
804 331
805 284
806 252
808 220
809 238
810 314
811 234
812 211
814 274
815 291
816 258
817 380
818 282
820 248
821 227
822 289
823 270
824 272
826 217
827 287
828 400
829 264
830 287
832 297
833 245
834 335
835 383
836 279
838 277
839 163
840 128
841 279
842 176
844 279
845 233
846 291
847 294
848 161
850 290
851 397
852 282
853 266
854 310
856 372
857 324
858 376
859 382
860 331
862 338
863 244
864 414
865 313
866 241
868 344
869 271
870 335
871 282
872 301
874 338
875 299
876 250
877 283
878 337
880 261
881 245
882 425
883 283
884 329
886 347
887 336
888 386
889 375
890 261
892 254
893 235
894 304
895 231
896 425
898 309
899 275
900 273
901 320
902 311
904 206
905 300
906 224
907 310
908 296
910 297
911 259
912 322
913 286
914 160
916 430
917 70
918 311
919 367
920 174
922 327
923 304
924 145
925 255
926 310
928 232
929 357
930 348
931 234
932 242
934 215
935 267
936 260
937 448
938 219
940 270
941 262
942 383
943 244
944 251
946 336
947 270
948 212
949 309
950 369
952 187
953 336
954 297
955 206
956 255
958 350
959 211
960 264
961 448
962 224
964 303
965 236
966 344
967 141
968 259
970 104
971 232
972 380
973 162
974 327
976 246
977 218
978 159
979 160
980 236
982 365
983 84
984 317
985 319
986 276
988 181
989 212
990 389
991 218
992 238
994 355
995 321
996 428
997 445
998 383
1000 284
1001 126
1002 442
1003 266
1004 339
1006 309
1007 325
1008 252
1009 286
1010 218
1012 240
1013 212
1014 298
1015 305
1016 193
1018 329
1019 211
1020 273
1021 317
1022 179
1024 316
1025 274
1026 355
1027 352
1028 339
1030 218
1031 276
1032 363
1033 394
1034 223
1036 377
1037 240
1038 334
1039 295
1040 332
1042 178
1043 238
1044 294
1045 248
1046 311
1048 290
1049 288
1050 215
1051 264
1052 342
1054 248
1055 257
1056 189
1057 264
1058 204
1060 245
1061 208
1062 259
1063 285
1064 312
1066 221
1067 245
1068 212
1069 198
1070 191
1072 240
1073 196
1074 217
1075 200
1076 249
1078 217
1079 210
1080 315
1081 203
1082 387
1084 331
1085 366
1086 179
1087 233
1088 282
1090 229
1091 361
1092 301
1093 374
1094 304
1096 324
1097 302
1098 402
1099 362
1100 285
1102 365
1103 251
1104 302
1105 290
1106 304
1108 285
1109 373
1110 400
1111 437
1112 267
1114 347
1115 299
1116 403
1117 347
1118 287
1120 298
1121 294
1122 317
1123 230
1124 385
1126 290
1127 339
1128 242
1129 264
1130 219
1132 288
1133 419
1134 295
1135 308
1136 209
1138 258
1139 112
1140 202
1141 107
1142 130
1144 357
1145 480
1146 97
1147 255
1148 190
1150 114
1151 265
1152 263
1153 254
1154 337
1156 117
1157 368
1158 305
1159 350
1160 352
1162 294
1163 300
1164 369
1165 286
1166 334
1168 282
1169 259
1170 252
1171 391
1172 315
1174 415
1175 288
1176 301
1177 381
1178 396
1180 416
1181 514
1182 453
1183 370
1184 428
1186 369
1187 291
1188 416
1189 411
1190 431
1192 349
1193 314
1194 411
1195 431
1196 418
1198 263
1199 369
1200 295
1201 331
1202 541
1204 355
1205 231
1206 401
1207 328
1208 356
1210 483
1211 478
1212 420
1213 441
1214 481
1216 394
1217 405
1218 421
1219 437
1220 457
1222 418
1223 568
1224 504
1225 525
1226 454
1228 511
1229 381
1230 353
1231 409
1232 335
1234 422
1235 258
1236 297
1237 387
1238 357
1240 328
1241 269
1242 311
1243 353
1244 404
1246 397
1247 286
1248 414
1249 215
1250 302
1252 289
1253 309
1254 216
1255 298
1256 411
1258 411
1259 341
1260 373
1261 421
1262 361
1264 1063
1265 470
1266 317
1267 414
1268 348
1270 388
1271 454
1272 396
1273 357
1274 347
1276 324
1277 433
1278 678
1279 496
1280 507
1282 370
1283 293
1284 373
1285 308
1286 362
1288 275
1289 731
1290 924
1291 680
1292 696
1294 428
1295 422
1296 363
1297 574
1298 841
1300 357
1301 259
1302 218
1303 194
1304 203
1306 219
1307 189
1308 300
1309 219
1310 171
1312 202
1313 168
1314 207
1315 52
1316 247
1318 304
1319 74
1320 176
1321 231
1322 129
1324 493
1325 166
1326 90
1327 227
1328 281
1330 79
1331 218
1332 215
1333 223
1334 246
1336 193
1337 253
1338 283
1339 293
1340 152
1342 315
1343 209
1344 251
1345 226
1346 331
1348 320
1349 352
1350 277
1351 215
1352 287
1354 237
1355 384
1356 364
1357 395
1358 292
1360 309
1361 269
1362 370
1363 386
1364 325
1366 384
1367 380
1368 353
1369 269
1370 272
1372 344
1373 266
1374 386
1375 255
1376 109
1378 275
1379 345
1380 290
1381 432
1382 378
1384 279
1385 361
1386 343
1387 381
1388 331
1390 383
1391 304
1392 323
1393 353
1394 301
1396 263
1397 311
1398 326
1399 306
1400 247
1402 414
1403 237
1404 216
1405 226
1406 384
1408 350
1409 289
1410 348
1411 286
1412 546
1414 384
1415 255
1416 310
1417 283
1418 383
1420 613
1421 376
1422 481
1423 417
1424 268
1426 485
1427 392
1428 356
1429 333
1430 509
1432 312
1433 214
1434 264
1435 351
1436 284
1438 451
1439 336
1440 303
1441 360
1442 350
1444 328
1445 238
1446 298
1447 295
1448 301
1450 347
1451 642
1452 335
1453 196
1454 279
1456 200
1457 368
1458 314
1459 239
1460 222
1462 198
1463 278
1464 294
1465 340
1466 366
1468 397
1469 307
1470 355
1471 370
1472 224
1474 326
1475 356
1476 399
1477 439
1478 341
1480 283
1481 392
1482 409
1483 371
1484 375
1486 524
1487 583
1488 408
1489 251
1490 582
1492 531
1493 640
1494 646
1495 357
1496 461
1498 301
1499 724
1500 297
1501 270
1502 601
1504 300
1505 213
1506 610
1507 343
1508 209
1510 259
1511 219
1512 260
1513 326
1514 264
1516 288
1517 247
1518 322
1519 328
1520 266
1522 346
1523 151
1524 233
1525 286
1526 321
1528 441
1529 358
1530 329
1531 341
1532 373
1534 151
1535 265
1536 164
1537 138
1538 235
1540 294
1541 222
1542 196
1543 209
1544 165
1546 185
1547 222
1548 105
1549 314
1550 88
1552 286
1553 329
1554 343
1555 154
1556 381
1558 179
1559 374
1560 142
1561 88
1562 185
1564 255
1565 245
1566 277
1567 234
1568 370
1570 488
1571 712
1572 392
1573 387
1574 442
1576 703
1577 498
1578 495
1579 343
1580 463
1582 493
1583 260
1584 468
1585 192
1586 355
1588 276
1589 423
1590 490
1591 386
1592 415
1594 401
1595 318
1596 204
1597 213
1598 180
1600 243
1601 244
1602 368
1603 245
1604 230
1606 205
1607 257
1608 281
1609 354
1610 211
1612 273
1613 272
1614 252
1615 120
1616 168
1618 227
1619 163
1620 282
1621 270
1622 307
1624 267
1625 300
1626 189
1627 297
1628 172
1630 198
1631 193
1632 383
1633 240
1634 154
1636 228
1637 311
1638 554
1639 247
1640 189
1642 206
1643 238
1644 365
1645 300
1646 125
1648 183
1649 232
1650 167
1651 307
1652 154
1654 193
1655 363
1656 166
1657 337
1658 378
1660 165
1661 323
1662 261
1663 272
1664 182
1666 280
1667 200
1668 190
1669 248
1670 201
1672 275
1673 320
1674 222
1675 371
1676 127
1678 325
1679 261
1680 268
1681 263
1682 306
1684 308
1685 288
1686 251
1687 176
1688 269
1690 315
1691 370
1692 250
1693 247
1694 319
1696 246
1697 256
1698 224
1699 254
1700 310
1702 239
1703 142
1704 202
1705 219
1706 273
1708 185
1709 231
1710 268
1711 314
1712 246
1714 187
1715 186
1716 176
1717 238
1718 225
1720 163
1721 127
1722 207
1723 299
1724 178
1726 273
1727 209
1728 251
1729 315
1730 318
1732 303
1733 367
1734 204
1735 236
1736 218
1738 250
1739 254
1740 295
1741 147
1742 309
1744 258
1745 320
1746 295
1747 369
1748 194
1750 225
1751 400
1752 323
1753 226
1754 293
1756 419
1757 398
1758 439
1759 275
1760 465
1762 456
1763 429
1764 238
1765 382
1766 378
1768 363
1769 363
1770 453
1771 377
1772 386
1774 443
1775 454
1776 441
1777 249
1778 294
1780 434
1781 202
1782 292
1783 349
1784 268
1786 225
1787 431
1788 246
1789 253
1790 218
1792 366
1793 425
1794 401
1795 249
1796 304
1798 410
1799 416
1800 291
1801 299
1802 501
1804 392
1805 402
1806 330
1807 431
1808 424
1810 345
1811 353
1812 401
1813 455
1814 375
1816 379
1817 426
1818 377
1819 411
1820 318
1822 308
1823 508
1824 461
1825 334
1826 443
1828 440
1829 420
1830 491
1831 342
1832 308
1834 341
1835 441
1836 427
1837 484
1838 395
1840 475
1841 404
1842 447
1843 315
1844 395
1846 392
1847 373
1848 291
1849 429
1850 281
1852 457
1853 363
1854 397
1855 415
1856 438
1858 542
1859 417
1860 369
1861 259
1862 476
1864 422
1865 439
1866 432
1867 493
1868 351
1870 441
1871 377
1872 323
1873 397
1874 466
1876 408
1877 584
1878 392
1879 402
1880 421
1882 399
1883 447
1884 517
1885 387
1886 326
1888 418
1889 328
1890 464
1891 433
1892 366
1894 398
1895 390
1896 548
1897 440
1898 219
1900 326
1901 337
1902 530
1903 498
1904 448
1906 319
1907 321
1908 354
1909 391
1910 370
1912 525
1913 591
1914 394
1915 449
1916 354
1918 290
1919 304
1920 529
1921 429
1922 413
1924 335
1925 263
1926 294
1927 297
1928 282
1930 308
1931 334
1932 379
1933 275
1934 329
1936 386
1937 372
1938 448
1939 292
1940 342
1942 331
1943 507
1944 459
1945 361
1946 455
1948 325
1949 492
1950 357
1951 311
1952 372
1954 335
1955 269
1956 419
1957 408
1958 378
1960 283
1961 363
1962 356
1963 376
1964 356
1966 354
1967 260
1968 354
1969 295
1970 290
1972 295
1973 299
1974 261
1975 308
1976 317
1978 302
1979 202
1980 283
1981 180
1982 233
1984 243
1985 329
1986 249
1987 192
1988 184
1990 286
1991 204
1992 178
1993 185
1994 180
1996 275
1997 214
1998 168
1999 264
2000 312
2002 216
2003 202
2004 192
2005 263
2006 366
2008 330
2009 269
2010 271
2011 221
2012 232
2014 235
2015 330
2016 301
2017 401
2018 396
2020 284
2021 221
2022 349
2023 314
2024 407
2026 362
2027 366
2028 342
2029 216
2030 256
2032 392
2033 184
2034 197
2035 338
2036 263
2038 417
2039 393
2040 259
2041 273
2042 368
2044 257
2045 298
2046 451
2047 238
2048 432
2050 354
2051 441
2052 158
2053 214
2054 263
2056 349
2057 372
2058 296
2059 269
2060 287
2062 334
2063 349
2064 285
2065 283
2066 350
2068 340
2069 274
2070 483
2071 259
2072 338
2074 352
2075 211
2076 218
2077 335
2078 350
2080 274
2081 239
2082 338
2083 385
2084 230
2086 311
2087 412
2088 436
2089 285
2090 351
2092 392
2093 397
2094 411
2095 286
2096 330
2098 297
2099 320
2100 341
2101 263
2102 441
2104 330
2105 254
2106 250
2107 471
2108 533
2110 275
2111 264
2112 398
2113 486
2114 309
2116 385
2117 288
2118 225
2119 212
2120 401
2122 354
2123 184
2124 346
2125 334
2126 362
2128 345
2129 351
2130 239
2131 356
2132 286
2134 352
2135 315
2136 362
2137 335
2138 332
2140 294
2141 343
2142 509
2143 270
2144 324
2146 325
2147 359
2148 304
2149 392
2150 284
2152 300
2153 426
2154 311
2155 265
2156 390
2158 569
2159 420
2160 384
2161 365
2162 441
2164 336
2165 397
2166 297
2167 373
2168 387
2170 331
2171 257
2172 293
2173 142
2174 160
2176 177
2177 124
2178 367
2179 303
2180 188
2182 344
2183 177
2184 232
2185 365
2186 226
2188 377
2189 287
2190 291
2191 347
2192 323
2194 298
2195 202
2196 190
2197 270
2198 153
2200 270
2201 241
2202 384
2203 453
2204 260
2206 257
2207 278
2208 344
2209 291
2210 261
2212 79
2213 366
2214 266
2215 270
2216 94
2218 207
2219 247
2220 231
2221 205
2222 374
2224 431
2225 338
2226 289
2227 255
2228 327
2230 134
2231 116
2232 309
2233 440
2234 127
2236 279
2237 457
2238 394
2239 289
2240 460
2242 273
2243 260
2244 299
2245 195
2246 223
2248 156
2249 174
2250 181
2251 179
2252 143
2254 286
2255 244
2256 242
2257 208
2258 162
2260 209
2261 273
2262 204
2263 216
2264 270
2266 154
2267 300
2268 228
2269 333
2270 234
2272 315
2273 193
2274 208
2275 203
2276 152
2278 222
2279 316
2280 149
2281 140
2282 212
2284 283
2285 236
2286 278
2287 407
2288 347
2290 276
2291 214
2292 325
2293 423
2294 288
2296 408
2297 232
2298 261
2299 275
2300 227
2302 172
2303 191
2304 146
2305 273
2306 215
2308 191
2309 208
2310 282
2311 208
2312 253
2314 281
2315 130
2316 246
2317 156
2318 297
2320 250
2321 244
2322 242
2323 246
2324 276
2326 313
2327 128
2328 325
2329 359
2330 224
2332 181
2333 238
2334 238
2335 118
2336 177
2338 245
2339 124
2340 182
2341 389
2342 219
2344 418
2345 362
2346 260
2347 358
2348 230
2350 368
2351 299
2352 305
2353 227
2354 333
2356 229
2357 239
2358 194
2359 201
2360 250
2362 291
2363 223
2364 273
2365 325
2366 312
2368 362
2369 335
2370 314
2371 328
2372 313
2374 242
2375 363
2376 273
2377 285
2378 376
2380 296
2381 236
2382 316
2383 245
2384 423
2386 327
2387 419
2388 397
2389 233
2390 360
2392 402
2393 473
2394 242
2395 378
2396 453
2398 300
2399 427
2400 294
2401 399
2402 360
2404 321
2405 426
2406 384
2407 369
2408 272
2410 386
2411 274
2412 372
2413 240
2414 261
2416 328
2417 306
2418 281
2419 327
2420 243
2422 230
2423 311
2424 307
2425 252
2426 415
2428 365
2429 390
2430 516
2431 431
2432 455
2434 239
2435 336
2436 309
2437 272
2438 308
2440 396
2441 209
2442 275
2443 312
2444 174
2446 186
2447 357
2448 284
2449 183
2450 160
2452 69
2453 58
2454 135
2455 284
2456 158
2458 85
2459 284
2460 166
2461 363
2462 162
2464 282
2465 317
2466 220
2467 214
2468 175
2470 268
2471 73
2472 274
2473 307
2474 330
2476 323
2477 166
2478 151
2479 238
2480 163
2482 191
2483 293
2484 121
2485 351
2486 117
2488 90
2489 353
2490 371
2491 156
2492 196
2494 244
2495 106
2496 149
2497 350
2498 364
2500 418
2501 97
2502 111
2503 304
2504 91
2506 187
2507 271
2508 253
2509 311
2510 374
2512 93
2513 238
2514 307
2515 247
2516 226
2518 260
2519 430
2520 197
2521 447
2522 443
2524 220
2525 532
2526 383
2527 513
2528 411
2530 253
2531 335
2532 230
2533 402
2534 458
2536 240
2537 393
2538 252
2539 506
2540 543
2542 415
2543 289
2544 252
2545 271
2546 346
2548 343
2549 427
2550 413
2551 346
2552 356
2554 295
2555 330
2556 279
2557 306
2558 289
2560 432
2561 1154
2562 233
2563 496
2564 255
2566 416
2567 416
2568 312
2569 281
2570 300
2572 461
2573 494
2574 324
2575 256
2576 413
2578 338
2579 865
2580 386
2581 651
2582 420
2584 516
2585 359
2586 286
2587 544
2588 436
2590 497
2591 483
2592 531
2593 457
2594 418
2596 394
2597 463
2598 388
2599 454
2600 429
2602 454
2603 504
2604 366
2605 438
2606 352
2608 458
2609 763
2610 300
2611 421
2612 483
2614 220
2615 470
2616 269
2617 371
2618 400
2620 558
2621 448
2622 366
2623 283
2624 679
2626 367
2627 253
2628 433
2629 391
2630 337
2632 316
2633 239
2634 338
2635 289
2636 409
2638 498
2639 386
2640 301
2641 227
2642 344
2644 350
2645 474
2646 332
2647 340
2648 297
2650 201
2651 268
2652 614
2653 303
2654 492
2656 278
2657 588
2658 292
2659 423
2660 479
2662 487
2663 372
2664 475
2665 447
2666 353
2668 300
2669 664
2670 356
2671 741
2672 495
2674 268
2675 308
2676 311
2677 346
2678 356
2680 289
2681 275
2682 351
2683 362
2684 365
2686 254
2687 315
2688 337
2689 430
2690 241
2692 239
2693 368
2694 217
2695 298
2696 224
2698 245
2699 398
2700 182
2701 206
2702 305
2704 304
2705 343
2706 196
2707 420
2708 309
2710 396
2711 268
2712 288
2713 345
2714 222
2716 288
2717 176
2718 473
2719 342
2720 281
2722 370
2723 204
2724 374
2725 248
2726 236
2728 297
2729 297
2730 206
2731 312
2732 427
2734 373
2735 349
2736 323
2737 149
2738 300
2740 379
2741 308
2742 396
2743 387
2744 354
2746 252
2747 515
2748 356
2749 348
2750 241
2752 330
2753 273
2754 266
2755 282
2756 393
2758 251
2759 385
2760 424
2761 260
2762 194
2764 474
2765 532
2766 538
2767 389
2768 392
2770 390
2771 331
2772 247
2773 349
2774 306
2776 476
2777 368
2778 660
2779 251
2780 649
2782 368
2783 457
2784 427
2785 449
2786 557
2788 313
2789 321
2790 550
2791 422
2792 462
2794 431
2795 583
2796 369
2797 416
2798 447
2800 341
2801 388
2802 394
2803 460
2804 454
2806 397
2807 448
2808 373
2809 355
2810 366
2812 341
2813 522
2814 509
2815 584
2816 680
2818 625
2819 321
2820 469
2821 328
2822 637
2824 445
2825 216
2826 196
2827 219
2828 319
2830 323
2831 264
2832 320
2833 199
2834 315
2836 262
2837 295
2838 387
2839 376
2840 403
2842 226
2843 359
2844 318
2845 246
2846 343
2848 437
2849 815
2850 584
2851 332
2852 357
2854 568
2855 381
2856 544
2857 419
2858 559
2860 468
2861 567
2862 414
2863 1095
2864 488
2866 456
2867 280
2868 396
2869 601
2870 436
2872 285
2873 378
2874 461
2875 397
2876 304
2878 377
2879 470
2880 651
2881 552
2882 445
2884 237
2885 431
2886 441
2887 432
2888 371
2890 519
2891 485
2892 519
2893 390
2894 429
2896 294
2897 499
2898 508
2899 346
2900 482
2902 347
2903 283
2904 393
2905 596
2906 472
2908 393
2909 393
2910 442
2911 338
2912 382
2914 485
2915 341
2916 347
2917 384
2918 395
2920 295
2921 572
2922 412
2923 420
2924 412
2926 427
2927 370
2928 483
2929 521
2930 475
2932 410
2933 385
2934 389
2935 304
2936 387
2938 345
2939 326
2940 336
2941 271
2942 358
2944 380
2945 453
2946 359
2947 450
2948 414
2950 454
2951 286
2952 351
2953 486
2954 372
2956 315
2957 315
2958 196
2959 322
2960 306
2962 287
2963 366
2964 304
2965 348
2966 368
2968 244
2969 424
2970 270
2971 371
2972 307
2974 300
2975 255
2976 247
2977 335
2978 322
2980 242
2981 204
2982 377
2983 263
2984 227
2986 232
2987 280
2988 210
2989 259
2990 226
2992 253
2993 306
2994 198
2995 166
2996 333
2998 275
2999 156
3000 219
3001 327
3002 257
3004 177
3005 173
3006 286
3007 236
3008 355
3010 224
3011 321
3012 271
3013 336
3014 230
3016 179
3017 311
3018 314
3019 329
3020 361
3022 232
3023 370
3024 280
3025 304
3026 458
3028 195
3029 312
3030 285
3031 346
3032 284
3034 364
3035 301
3036 312
3037 390
3038 265
3040 344
3041 213
3042 286
3043 249
3044 315
3046 225
3047 344
3048 273
3049 335
3050 431
3052 279
3053 368
3054 216
3055 242
3056 386
3058 260
3059 257
3060 255
3061 310
3062 312
3064 200
3065 274
3066 234
3067 335
3068 307
3070 322
3071 319
3072 217
3073 436
3074 412
3076 373
3077 314
3078 278
3079 303
3080 299
3082 398
3083 265
3084 563
3085 362
3086 354
3088 374
3089 296
3090 330
3091 1345
3092 1016
3094 558
3095 460
3096 512
3097 451
3098 847
3100 756
3101 834
3102 1491
3103 206
3104 439
3106 390
3107 490
3108 216
3109 442
3110 440
3112 338
3113 331
3114 987
3115 578
3116 1389
3118 368
3119 1054
3120 1095
3121 268
3122 729
3124 595
3125 234
3126 550
3127 423
3128 388
3130 467
3131 717
3132 496
3133 554
3134 550
3136 1292
3137 372
3138 361
3139 300
3140 1388
3142 514
3143 1256
3144 210
3145 355
3146 453
3148 1180
3149 422
3150 706
3151 977
3152 476
3154 1363
3155 510
3156 558
3157 474
3158 825
3160 266
3161 301
3162 384
3163 377
3164 298
3166 344
3167 323
3168 362
3169 395
3170 336
3172 292
3173 399
3174 306
3175 319
3176 280
3178 325
3179 305
3180 323
3181 403
3182 379
3184 389
3185 322
3186 381
3187 413
3188 353
3190 363
3191 405
3192 427
3193 279
3194 363
3196 295
3197 411
3198 433
3199 285
3200 408
3202 925
3203 542
3204 324
3205 383
3206 286
3208 475
3209 294
3210 254
3211 312
3212 309
3214 235
3215 239
3216 224
3217 278
3218 298
3220 322
3221 257
3222 242
3223 363
3224 300
3226 448
3227 415
3228 455
3229 415
3230 441
3232 319
3233 394
3234 457
3235 417
3236 443
3238 371
3239 498
3240 381
3241 526
3242 477
3244 377
3245 277
3246 383
3247 330
3248 331
3250 298
3251 292
3252 311
3253 229
3254 380
3256 323
3257 440
3258 1097
3259 727
3260 494
3262 948
3263 546
3264 276
3265 534
3266 307
3268 299
3269 470
3270 449
3271 306
3272 495
3274 410
3275 364
3276 631
3277 590
3278 507
3280 331
3281 1173
3282 256
3283 410
3284 479
3286 272
3287 1127
3288 1369
3289 1397
3290 917
3292 1337
3293 1330
3294 1213
3295 903
3296 912
3298 1418
3299 1157
3300 231
3301 1400
3302 1274
3304 842
3305 323
3306 226
3307 263
3308 223
3310 401
3311 1388
3312 851
3313 340
3314 1173
3316 1377
3317 261
3318 333
3319 479
3320 340
3322 352
3323 226
3324 297
3325 281
3326 341
3328 247
3329 1120
3330 330
3331 315
3332 466
3334 394
3335 381
3336 391
3337 435
3338 342
3340 336
3341 489
3342 356
3343 376
3344 447
3346 357
3347 597
3348 263
3349 916
3350 362
3352 339
3353 358
3354 276
3355 477
3356 205
3358 866
3359 1234
3360 277
3361 242
3362 874
3364 271
3365 247
3366 183
3367 337
3368 336
3370 275
3371 875
3372 1042
3373 1192
3374 884
3376 1006
3377 853
3378 386
3379 230
3380 287
3382 1151
3383 422
3384 361
3385 313
3386 245
3388 290
3389 313
3390 869
3391 926
3392 294
3394 211
3395 619
3396 985
3397 653
3398 818
3400 822
3401 888
3402 529
3403 702
3404 185
3406 442
3407 464
3408 760
3409 363
3410 491
3412 410
3413 353
3414 717
3415 538
3416 487
3418 317
3419 881
3420 302
3421 421
3422 293
3424 307
3425 312
3426 209
3427 297
3428 334
3430 234
3431 191
3432 230
3433 319
3434 268
3436 352
3437 343
3438 340
3439 247
3440 204
3442 298
3443 904
3444 251
3445 267
3446 259
3448 296
3449 272
3450 324
3451 761
3452 266
3454 210
3455 239
3456 327
3457 267
3458 277
3460 880
3461 290
3462 341
3463 255
3464 306
3466 281
3467 380
3468 362
3469 330
3470 320
3472 258
3473 270
3474 320
3475 353
3476 376
3478 258
3479 236
3480 203
3481 198
3482 291
3484 378
3485 162
3486 353
3487 171
3488 274
3490 237
3491 341
3492 191
3493 330
3494 374
3496 208
3497 267
3498 241
3499 353
3500 284
3502 298
3503 236
3504 454
3505 287
3506 282
3508 307
3509 281
3510 257
3511 407
3512 273
3514 259
3515 257
3516 210
3517 341
3518 258
3520 602
3521 193
3522 194
3523 314
3524 317
3526 313
3527 291
3528 208
3529 337
3530 256
3532 1052
3533 375
3534 240
3535 233
3536 232
3538 186
3539 239
3540 450
3541 303
3542 315
3544 203
3545 252
3546 280
3547 243
3548 200
3550 243
3551 279
3552 215
3553 257
3554 274
3556 196
3557 276
3558 252
3559 295
3560 320
3562 260
3563 320
3564 373
3565 327
3566 233
3568 335
3569 234
3570 357
3571 343
3572 435
3574 1139
3575 255
3576 292
3577 420
3578 425
3580 272
3581 245
3582 202
3583 236
3584 410
3586 460
3587 290
3588 301
3589 270
3590 239
3592 308
3593 311
3594 273
3595 749
3596 211
3598 189
3599 297
3600 272
3601 248
3602 284
3604 234
3605 203
3606 296
3607 252
3608 197
3610 219
3611 270
3612 233
3613 250
3614 353
3616 235
3617 792
3618 199
3619 267
3620 227
3622 1042
3623 289
3624 261
3625 202
3626 280
3628 361
3629 271
3630 400
3631 278
3632 355
3634 234
3635 442
3636 409
3637 361
3638 514
3640 483
3641 500
3642 454
3643 400
3644 315
3646 255
3647 335
3648 367
3649 349
3650 336
3652 341
3653 326
3654 426
3655 358
3656 280
3658 327
3659 328
3660 270
3661 448
3662 295
3664 242
3665 394
3666 568
3667 501
3668 297
3670 487
3671 279
3672 330
3673 271
3674 395
3676 330
3677 294
3678 218
3679 269
3680 1125
3682 238
3683 1088
3684 285
3685 230
3686 265
3688 322
3689 238
3690 333
3691 394
3692 269
3694 324
3695 281
3696 396
3697 287
3698 315
3700 197
3701 250
3702 320
3703 188
3704 302
3706 368
3707 179
3708 383
3709 308
3710 207
3712 276
3713 233
3714 401
3715 266
3716 443
3718 332
3719 122
3720 332
3721 237
3722 403
3724 103
3725 95
3726 216
3727 397
3728 291
3730 401
3731 263
3732 103
3733 383
3734 235
3736 206
3737 199
3738 239
3739 275
3740 405
3742 244
3743 240
3744 363
3745 272
3746 238
3748 254
3749 235
3750 215
3751 235
3752 334
3754 253
3755 265
3756 256
3757 326
3758 232
3760 246
3761 188
3762 303
3763 236
3764 1034
3766 1235
3767 266
3768 1168
3769 261
3770 280
3772 223
3773 1082
3774 1123
3775 239
3776 1315
3778 186
3779 653
3780 243
3781 237
3782 242
3784 211
3785 199
3786 174
3787 165
3788 1022
3790 211
3791 213
3792 575
3793 197
3794 676
3796 215
3797 565
3798 593
3799 663
3800 1006
3802 1296
3803 279
3804 263
3805 213
3806 145
3808 266
3809 267
3810 236
3811 223
3812 224
3814 254
3815 170
3816 235
3817 168
3818 90
3820 125
3821 1279
3822 849
3823 1336
3824 665
3826 140
3827 1015
3828 1121
3829 787
3830 989
3832 1162
3833 1171
3834 1364
3835 1243
3836 1343
3838 1303
3839 1168
3840 1302
3841 1173
3842 1274
3844 491
3845 1102
3846 1231
3847 610
3848 1157
3850 1230
3851 1136
3852 1069
3853 857
3854 1226
3856 1155
3857 1153
3858 1206
3859 1127
3860 1064
3862 1184
3863 1129
3864 867
3865 493
3866 1137
3868 991
3869 122
3870 571
3871 984
3872 796
3874 1149
3875 1359
3876 849
3877 467
3878 1201
3880 1067
3881 1222
3882 977
3883 1006
3884 834
3886 1167
3887 1145
3888 688
3889 883
3890 1275
3892 707
3893 990
3894 660
3895 1172
3896 409
3898 1115
3899 853
3900 1224
3901 444
3902 698
3904 621
3905 623
3906 654
3907 718
3908 1306
3910 937
3911 1354
3912 537
3913 451
3914 763
3916 526
3917 1371
3918 1015
3919 1123
3920 806
3922 607
3923 147
3924 1151
3925 176
3926 219
3928 162
3929 113
3930 155
3931 848
3932 91
3934 963
3935 978
3936 1012
3937 615
3938 781
3940 1003
3941 917
3942 1191
3943 717
3944 438
3946 488
3947 1144
3948 1302
3949 1183
3950 585
3952 1058
3953 777
3954 759
3955 715
3956 337
3958 1067
3959 840
3960 429
3961 624
3962 744
3964 694
3965 703
3966 746
3967 374
3968 1296
3970 1105
3971 767
3972 479
3973 694
3974 511
3976 1133
3977 1191
3978 969
3979 727
3980 571
3982 1172
3983 713
3984 467
3985 1200
3986 456
3988 1081
3989 898
3990 436
3991 935
3992 973
3994 615
3995 1176
3996 981
3997 411
3998 369
4000 699
4001 354
4002 1052
4003 1252
4004 1008
4006 1268
4007 1224
4008 738
4009 126
4010 664
4012 707
4013 693
4014 756
4015 530
4016 1024
4018 1337
4019 369
4020 506
4021 1186
4022 911
4024 421
4025 1228
4026 959
4027 392
4028 663
4030 426
4031 724
4032 960
4033 107
4034 1059
4036 1346
4037 427
4038 1143
4039 676
4040 635
4042 891
4043 718
4044 623
4045 1014
4046 530
4048 550
4049 1113
4050 955
4051 584
4052 793
4054 701
4055 818
4056 750
4057 1325
4058 829
4060 1041
4061 1138
4062 537
4063 930
4064 555
4066 975
4067 934
4068 948
4069 747
4070 277
4072 733
4073 852
4074 978
4075 722
4076 781
4078 366
4079 644
4080 524
4081 762
4082 514
4084 487
4085 555
4086 602
4087 432
4088 693
4090 826
4091 467
4092 521
4093 884
4094 602
4096 557
4097 192
4098 487
4099 144
4100 163
4102 1417
4103 171
4104 208
4105 173
4106 1181
4108 152
4109 1273
4110 163
4111 173
4112 1074
4114 325
4115 134
4116 777
4117 129
4118 163
4120 266
4121 157
4122 357
4123 165
4124 207
4126 320
4127 149
4128 199
4129 1019
4130 309
4132 404
4133 181
4134 436
4135 185
4136 314
4138 302
4139 726
4140 363
4141 304
4142 144
4144 429
4145 149
4146 384
4147 135
4148 153
4150 541
4151 670
4152 193
4153 620
4154 138
4156 164
4157 290
4158 731
4159 159
4160 888
4162 153
4163 554
4164 822
4165 169
4166 613
4168 1047
4169 796
4170 651
4171 814
4172 573
4174 347
4175 383
4176 496
4177 395
4178 239
4180 1326
4181 504
4182 187
4183 173
4184 199
4186 433
4187 207
4188 533
4189 197
4190 903
4192 199
4193 414
4194 256
4195 905
4196 438
4198 235
4199 537
4200 534
4201 375
4202 589
4204 654
4205 545
4206 537
4207 556
4208 938
4210 235
4211 665
4212 220
4213 627
4214 577
4216 232
4217 1087
4218 810
4219 584
4220 528
4222 282
4223 216
4224 287
4225 1172
4226 747
4228 298
4229 586
4230 611
4231 667
4232 676
4234 743
4235 618
4236 953
4237 490
4238 1123
4240 971
4241 313
4242 764
4243 744
4244 383
4246 1198
4247 996
4248 361
4249 356
4250 342
4252 1053
4253 355
4254 457
4255 369
4256 360
4258 357
4259 416
4260 422
4261 959
4262 413
4264 842
4265 349
4266 383
4267 419
4268 1188
4270 721
4271 866
4272 341
4273 479
4274 626
4276 1203
4277 485
4278 980
4279 834
4280 411
4282 1127
4283 452
4284 440
4285 916
4286 772
4288 1029
4289 1082
4290 521
4291 513
4292 910
4294 248
4295 440
4296 849
4297 657
4298 957
4300 601
4301 669
4302 518
4303 1198
4304 1141
4306 951
4307 404
4308 595
4309 924
4310 438
4312 715
4313 785
4314 1218
4315 788
4316 636
4318 713
4319 747
4320 792
4321 639
4322 934
4324 1025
4325 1075
4326 1111
4327 718
4328 644
4330 1002
4331 876
4332 1021
4333 783
4334 474
4336 1014
4337 1059
4338 648
4339 725
4340 772
4342 641
4343 716
4344 692
4345 813
4346 1215
4348 543
4349 1202
4350 476
4351 1007
4352 1195
4354 872
4355 580
4356 418
4357 239
4358 618
4360 387
4361 1004
4362 536
4363 736
4364 1122
4366 660
4367 320
4368 323
4369 715
4370 765
4372 697
4373 782
4374 752
4375 196
4376 1210
4378 1101
4379 1007
4380 953
4381 769
4382 820
4384 774
4385 1239
4386 803
4387 843
4388 838
4390 553
4391 1073
4392 1321
4393 1160
4394 861
4396 1137
4397 1027
4398 616
4399 898
4400 765
4402 902
4403 732
4404 774
4405 1141
4406 701
4408 1030
4409 602
4410 734
4411 971
4412 522
4414 1119
4415 654
4416 974
4417 851
4418 630
4420 1161
4421 576
4422 819
4423 1093
4424 840
4426 998
4427 296
4428 305
4429 742
4430 681
4432 938
4433 665
4434 887
4435 685
4436 652
4438 731
4439 911
4440 895
4441 832
4442 687
4444 1245
4445 273
4446 869
4447 1153
4448 850
4450 930
4451 808
4452 726
4453 783
4454 661
4456 935
4457 833
4458 420
4459 991
4460 1271
4462 925
4463 390
4464 1270
4465 623
4466 691
4468 1004
4469 1203
4470 1150
4471 494
4472 612
4474 1118
4475 568
4476 442
4477 692
4478 955
4480 402
4481 733
4482 1117
4483 963
4484 775
4486 1671
4487 498
4488 563
4489 896
4490 478
4492 1013
4493 920
4494 669
4495 570
4496 917
4498 973
4499 757
4500 486
4501 821
4502 796
4504 612
4505 862
4506 519
4507 1057
4508 767
4510 1135
4511 844
4512 648
4513 708
4514 1126
4516 812
4517 960
4518 857
4519 1008
4520 562
4522 175
4523 1008
4524 760
4525 592
4526 1050
4528 389
4529 417
4530 761
4531 815
4532 600
4534 176
4535 706
4536 918
4537 902
4538 1768
4540 1087
4541 479
4542 901
4543 1373
4544 1097
4546 1137
4547 872
4548 973
4549 647
4550 768
4552 1032
4553 1036
4554 991
4555 905
4556 1425
4558 846
4559 1420
4560 887
4561 677
4562 730
4564 1421
4565 1226
4566 661
4567 732
4568 1244
4570 1005
4571 671
4572 1044
4573 886
4574 1488
4576 812
4577 1132
4578 1217
4579 766
4580 896
4582 732
4583 1150
4584 980
4585 815
4586 585
4588 839
4589 920
4590 834
4591 890
4592 774
4594 1494
4595 749
4596 718
4597 646
4598 1533
4600 726
4601 1330
4602 1118
4603 983
4604 777
4606 795
4607 1493
4608 721
4609 760
4610 1546
4612 817
4613 1153
4614 582
4615 145
4616 368
4618 467
4619 1396
4620 923
4621 653
4622 677
4624 1578
4625 719
4626 945
4627 894
4628 825
4630 908
4631 994
4632 804
4633 807
4634 1099
4636 582
4637 1167
4638 1283
4639 360
4640 812
4642 1048
4643 1085
4644 1383
4645 723
4646 1375
4648 1069
4649 1466
4650 924
4651 1035
4652 617
4654 713
4655 792
4656 1582
4657 1227
4658 813
4660 1202
4661 808
4662 1226
4663 705
4664 1092
4666 735
4667 992
4668 863
4669 1645
4670 638
4672 704
4673 169
4674 172
4675 865
4676 182
4678 919
4679 881
4680 924
4681 850
4682 581
4684 1272
4685 1234
4686 1542
4687 435
4688 482
4690 340
4691 623
4692 879
4693 813
4694 723
4696 373
4697 754
4698 782
4699 1200
4700 1032
4702 1271
4703 373
4704 731
4705 829
4706 1562
4708 528
4709 929
4710 884
4711 383
4712 965
4714 578
4715 702
4716 692
4717 637
4718 701
4720 806
4721 906
4722 140
4723 971
4724 880
4726 955
4727 877
4728 463
4729 802
4732 175
4735 269
4736 249
4737 346
4738 197
4739 544
4741 192
4742 540
4743 590
4744 405
4745 559
4747 205
4748 670
4749 514
4750 481
4751 646
4753 265
4754 607
4755 552
4756 515
4757 252
4759 1156
4760 453
4761 558
4762 1068
4763 380
4765 318
4766 349
4767 227
4768 581
4769 621
4771 538
4772 592
4773 212
4774 450
4775 362
4777 500
4778 465
4779 231
4780 496
4781 450
4783 586
4784 281
4785 574
4786 551
4787 703
4789 338
4790 276
4791 519
4792 126
4793 600
4795 232
4796 531
4797 450
4798 252
4799 218
4801 430
4802 516
4803 500
4804 545
4805 766
4807 489
4808 421
4809 560
4810 482
4811 279
4813 955
4814 439
4815 463
4816 988
4817 363
4819 524
4820 275
4821 303
4822 299
4823 266
4825 398
4826 580
4827 647
4828 899
4829 432
4831 362
4832 510
4833 277
4834 278
4835 107
4837 539
4838 435
4839 458
4840 452
4841 531
4843 365
4844 287
4845 377
4846 329
4847 410
4849 523
4850 238
4851 346
4852 391
4853 437
4855 466
4856 443
4857 415
4858 366
4859 241
4861 365
4862 456
4863 197
4864 127
4865 176
4867 268
4868 79
4869 324
4870 241
4871 373
4873 118
4874 538
4875 292
4876 379
4877 390
4879 345
4880 203
4881 166
4882 212
4883 265
4885 324
4886 673
4887 194
4888 489
4889 560
4891 359
4892 491
4893 405
4894 427
4895 367
4897 187
4898 661
4899 304
4900 292
4901 116
4903 423
4904 252
4905 288
4906 234
4907 140
4909 195
4910 176
