非数字	22.114
-0.020	非数字
-0.020	非数字
1.157	1000000.000
1.157	1000000.000
1.917	39.944
1.917	39.944
3.770	56.069
3.770	56.069
2.684	17.614
2.684	17.614
非数字	3.229
非数字	3.229
1.371	非数字
1.371	非数字
0.220	1000000.000
0.220	1000000.000
1.287	非数字
1.287	非数字
5.636	非数字
5.636	非数字
-2.611	1000000.000
-2.611	1000000.000
0.268	1000000.000
0.268	1000000.000
4.114	1000000.000
4.114	1000000.000
2.455	39.203
2.455	39.203
2.670	1000000.000
2.670	1000000.000
2.293	1000000.000
2.293	1000000.000
-8.496	非数字
-8.496	非数字
2.881	非数字
2.881	非数字
-1.927	非数字
-1.927	非数字
1.812	1000000.000
1.812	1000000.000
2.489	非数字
2.489	非数字
4.814	21.476
4.814	21.476
-1.207	-56.032
-1.207	-56.032
1.811	-26.815
1.811	-26.815
非数字	0.010
非数字	0.010
0.535	非数字
0.535	非数字
2.030	1000000.000
2.030	1000000.000
非数字	1.351
非数字	1.351
0.134	非数字
0.134	非数字
-1.202	-15.919
-1.202	-15.919
非数字	2.692
非数字	2.692
1.294	非数字
1.294	非数字
2.489	非数字
2.489	非数字
2.441	1000000.000
2.441	1000000.000
0.474	1000000.000
0.474	1000000.000
14.831	1000000.000
14.831	1000000.000
-1.262	1000000.000
-1.262	1000000.000
1.337	非数字
1.337	非数字
2.203	1000000.000
2.203	1000000.000
-2.763	1000000.000
-2.763	1000000.000
非数字	1000000.000
非数字	1000000.000
2.462	非数字
2.462	非数字
1.820	-80.459
1.820	-80.459
0.984	51.595
0.984	51.595
2.751	1000000.000
2.751	1000000.000
0.707	非数字
0.707	非数字
-1.756	非数字
-1.756	非数字
1.414	-58.479
1.414	-58.479
1.551	非数字
1.551	非数字
2.583	19.276
2.583	19.276
非数字	1000000.000
非数字	1000000.000
-0.039	-12.711
-0.039	-12.711
非数字	1.730
非数字	1.730
0.342	1000000.000
0.342	1000000.000
0.706	1000000.000
0.706	1000000.000
3.470	-64.046
3.470	-64.046
-1.894	-23.102
-1.894	-23.102
0.245	非数字
0.245	非数字
1.232	非数字
1.232	非数字
1.279	1000000.000
1.279	1000000.000
9.225	1000000.000
9.225	1000000.000
5.981	1000000.000
5.981	1000000.000
2.172	非数字
2.172	非数字
1.211	-50.037
1.211	-50.037
0.735	-18.581
0.735	-18.581
1.885	1000000.000
1.885	1000000.000
3.388	1000000.000
3.388	1000000.000
3.308	1000000.000
3.308	1000000.000
1.590	67.267
1.590	67.267
1.307	非数字
1.307	非数字
-0.307	21.907
-0.307	21.907
0.842	-94.565
0.842	-94.565
3.384	非数字
3.384	非数字
2.616	39.910
2.616	39.910
-0.452	1000000.000
-0.452	1000000.000
2.016	非数字
2.016	非数字
1.615	非数字
1.615	非数字
1.867	1000000.000
1.867	1000000.000
0.732	1000000.000
0.732	1000000.000
1.248	非数字
1.248	非数字
0.534	非数字
0.534	非数字
-1.306	1000000.000
-1.306	1000000.000
1.478	1000000.000
1.478	1000000.000
2.371	非数字
2.371	非数字
1.150	11.576
1.150	11.576
2.293	非数字
2.293	非数字
1.830	非数字
1.830	非数字
-0.542	非数字
-0.542	非数字
1.249	41.098
1.249	41.098
0.405	121.268
0.405	121.268
6.300	38.782
6.300	38.782
1.624	-36.101
1.624	-36.101
-0.041	-24.792
-0.041	-24.792
-1.056	非数字
-1.056	非数字
-0.883	非数字
-0.883	非数字
1.690	1000000.000
1.690	1000000.000
0.918	1000000.000
0.918	1000000.000
0.901	非数字
0.901	非数字
1.812	非数字
1.812	非数字
2.175	非数字
2.175	非数字
3.185	非数字
3.185	非数字
-4.088	非数字
-4.088	非数字
1.152	15.779
1.152	15.779
-6.155	1000000.000
-6.155	1000000.000
5.334	-31.150
5.334	-31.150
2.853	1000000.000
2.853	1000000.000
非数字	0.418
非数字	0.418
-1.208	非数字
-1.208	非数字
-1.359	71.593
-1.359	71.593
3.398	27.606
3.398	27.606
5.769	-31.371
5.769	-31.371
-4.392	-21.101
-4.392	-21.101
0.219	1000000.000
0.219	1000000.000
4.408	1000000.000
4.408	1000000.000
-0.329	1000000.000
-0.329	1000000.000
2.296	非数字
2.296	非数字
3.547	非数字
3.547	非数字
3.296	1000000.000
3.296	1000000.000
1.626	1000000.000
1.626	1000000.000
4.349	1000000.000
4.349	1000000.000
1.558	1000000.000
1.558	1000000.000
2.540	非数字
2.540	非数字
5.695	-11.633
5.695	-11.633
非数字	3.554
非数字	3.554
-0.057	-106.884
-0.057	-106.884
0.625	非数字
0.625	非数字
2.027	非数字
2.027	非数字
非数字	2.721
非数字	2.721
0.418	非数字
0.418	非数字
1.845	1000000.000
1.845	1000000.000
0.378	1000000.000
0.378	1000000.000
-4.498	52.331
-4.498	52.331
非数字	5.195
非数字	5.195
2.618	1000000.000
2.618	1000000.000
1.484	非数字
1.484	非数字
-0.149	1000000.000
-0.149	1000000.000
2.133	非数字
2.133	非数字
非数字	1.621
非数字	1.621
1.532	1000000.000
1.532	1000000.000
2.765	非数字
2.765	非数字
-2.537	非数字
-2.537	非数字
2.964	1000000.000
2.964	1000000.000
-1.623	非数字
-1.623	非数字
0.148	非数字
0.148	非数字
2.746	非数字
2.746	非数字
1.343	1000000.000
1.343	1000000.000
1.662	-22.507
1.662	-22.507
3.697	非数字
3.697	非数字
1.166	17.851
1.166	17.851
2.539	非数字
2.539	非数字
1.618	1000000.000
1.618	1000000.000
1.500	-131.182
1.500	-131.182
1.023	39.802
1.023	39.802
5.272	3.265
5.272	3.265
3.139	非数字
3.139	非数字
8.254	95.461
8.254	95.461
5.378	非数字
5.378	非数字
2.589	非数字
2.589	非数字
2.189	37.674
2.189	37.674
-0.734	1000000.000
-0.734	1000000.000
2.730	非数字
2.730	非数字
2.282	非数字
2.282	非数字
-13.481	非数字
-13.481	非数字
2.355	24.533
2.355	24.533
2.057	1000000.000
2.057	1000000.000
-12.392	非数字
-12.392	非数字
1.869	-44.213
1.869	-44.213
-1.052	1000000.000
-1.052	1000000.000
0.202	1000000.000
0.202	1000000.000
8.157	非数字
8.157	非数字
2.938	-16.244
2.938	-16.244
3.616	67.865
3.616	67.865
-10.262	非数字
-10.262	非数字
1.619	61.074
1.619	61.074
3.640	-40.251
3.640	-40.251
非数字	-1.975
非数字	-1.975
0.388	1000000.000
0.388	1000000.000
3.152	非数字
3.152	非数字
-11.224	非数字
-11.224	非数字
0.335	35.143
0.335	35.143
2.530	77.831
2.530	77.831
非数字	1.027
非数字	1.027
2.653	非数字
2.653	非数字
2.808	非数字
2.808	非数字
3.196	-48.625
3.196	-48.625
2.355	14.723
2.355	14.723
2.486	非数字
2.486	非数字
-3.213	1000000.000
-3.213	1000000.000
-1.086	1000000.000
-1.086	1000000.000
1.514	-49.230
1.514	-49.230
1.853	非数字
1.853	非数字
8.200	1000000.000
8.200	1000000.000
2.654	非数字
2.654	非数字
-3.935	53.684
-3.935	53.684
1.725	-15.044
1.725	-15.044
6.062	1000000.000
6.062	1000000.000
2.828	1000000.000
2.828	1000000.000
非数字	5.391
非数字	5.391
7.836	1000000.000
7.836	1000000.000
1.264	-14.842
1.264	-14.842
2.190	21.040
2.190	21.040
非数字	-1.527
非数字	-1.527
-3.697	39.333
-3.697	39.333
0.566	56.553
0.566	56.553
7.630	44.411
7.630	44.411
0.153	非数字
0.153	非数字
3.426	1000000.000
3.426	1000000.000
2.254	非数字
2.254	非数字
1.198	非数字
1.198	非数字
4.871	1000000.000
4.871	1000000.000
-1.093	29.509
-1.093	29.509
-2.792	60.200
-2.792	60.200
3.171	非数字
3.171	非数字
-5.376	非数字
-5.376	非数字
-0.581	29.029
-0.581	29.029
0.105	非数字
0.105	非数字
0.618	非数字
0.618	非数字
1.121	非数字
1.121	非数字
-0.038	非数字
-0.038	非数字
0.343	1000000.000
0.343	1000000.000
-6.298	非数字
-6.298	非数字
2.789	31.086
2.789	31.086
2.444	20.435
2.444	20.435
0.737	1000000.000
0.737	1000000.000
-11.170	非数字
-11.170	非数字
1.607	34.140
1.607	34.140
0.321	27.146
0.321	27.146
-5.392	1000000.000
-5.392	1000000.000
非数字	-0.036
非数字	-0.036
-4.010	1000000.000
-4.010	1000000.000
1.862	非数字
1.862	非数字
1.455	非数字
1.455	非数字
3.337	非数字
3.337	非数字
2.718	非数字
2.718	非数字
非数字	-5.083
非数字	-5.083
1.495	-0.351
1.495	-0.351
0.016	-17.715
0.016	-17.715
-1.282	非数字
-1.282	非数字
0.854	145.352
0.854	145.352
-2.869	1000000.000
-2.869	1000000.000
10.203	1000000.000
10.203	1000000.000
0.479	1000000.000
0.479	1000000.000
3.963	1000000.000
3.963	1000000.000
1.339	-1.845
1.339	-1.845
2.713	非数字
2.713	非数字
-9.440	1000000.000
-9.440	1000000.000
-5.368	非数字
-5.368	非数字
2.717	27.551
2.717	27.551
-1.950	非数字
-1.950	非数字
1.848	33.787
1.848	33.787
-2.792	-48.401
-2.792	-48.401
非数字	-3.374
非数字	-3.374
1.415	-59.203
1.415	-59.203
2.444	1000000.000
2.444	1000000.000
0.520	非数字
0.520	非数字
-1.565	非数字
-1.565	非数字
1.655	57.934
1.655	57.934
2.011	82.703
2.011	82.703
3.855	-57.072
3.855	-57.072
0.244	1000000.000
0.244	1000000.000
2.989	12.599
2.989	12.599
3.856	35.725
3.856	35.725
1.025	1000000.000
1.025	1000000.000
-0.669	非数字
-0.669	非数字
0.057	非数字
0.057	非数字
2.238	1000000.000
2.238	1000000.000
3.299	1000000.000
3.299	1000000.000
0.868	1000000.000
0.868	1000000.000
2.245	非数字
2.245	非数字
0.624	非数字
0.624	非数字
12.690	112.808
12.690	112.808
-2.895	非数字
-2.895	非数字
-2.846	1000000.000
-2.846	1000000.000
-11.491	非数字
-11.491	非数字
8.861	19.705
8.861	19.705
-3.030	-85.806
-3.030	-85.806
7.080	23.022
7.080	23.022
1.530	非数字
1.530	非数字
-5.286	非数字
-5.286	非数字
1.871	15.497
1.871	15.497
0.244	1000000.000
0.244	1000000.000
42.551	46.285
42.551	46.285
1.926	非数字
1.926	非数字
3.164	-33.338
3.164	-33.338
-1.010	-22.782
-1.010	-22.782
-3.492	非数字
-3.492	非数字
1.898	-28.566
1.898	-28.566
3.131	-22.800
3.131	-22.800
17.521	8.585
17.521	8.585
2.045	1000000.000
2.045	1000000.000
-5.003	非数字
-5.003	非数字
1.444	106.626
1.444	106.626
0.390	非数字
0.390	非数字
10.053	1000000.000
10.053	1000000.000
0.355	1000000.000
0.355	1000000.000
-0.637	86.222
-0.637	86.222
1.735	1000000.000
1.735	1000000.000
非数字	1.077
非数字	1.077
1.508	22.493
1.508	22.493
-0.093	非数字
-0.093	非数字
1.899	46.157
1.899	46.157
-14.533	非数字
-14.533	非数字
8.827	1000000.000
8.827	1000000.000
-1.961	18.796
-1.961	18.796
1.681	-23.785
1.681	-23.785
非数字	0.658
非数字	0.658
-3.451	非数字
-3.451	非数字
8.318	-18.287
8.318	-18.287
1.192	45.864
1.192	45.864
6.126	81.043
6.126	81.043
0.561	非数字
0.561	非数字
-3.462	30.465
-3.462	30.465
-12.556	-12.957
-12.556	-12.957
2.863	1000000.000
2.863	1000000.000
1.967	-71.046
1.967	-71.046
2.150	非数字
2.150	非数字
2.558	非数字
2.558	非数字
-1.674	非数字
-1.674	非数字
1.711	非数字
1.711	非数字
4.680	-63.758
4.680	-63.758
0.386	非数字
0.386	非数字
8.523	非数字
8.523	非数字
4.759	1000000.000
4.759	1000000.000
0.324	非数字
0.324	非数字
2.273	-18.125
2.273	-18.125
1.607	39.532
1.607	39.532
2.319	非数字
2.319	非数字
9.969	24.939
9.969	24.939
2.417	非数字
2.417	非数字
-0.212	非数字
-0.212	非数字
-1.863	1000000.000
-1.863	1000000.000
6.975	1000000.000
6.975	1000000.000
2.675	1000000.000
2.675	1000000.000
6.102	非数字
6.102	非数字
0.784	66.384
0.784	66.384
-6.856	30.583
-6.856	30.583
1.378	非数字
1.378	非数字
-1.010	-30.377
-1.010	-30.377
1.438	非数字
1.438	非数字
1.253	1000000.000
1.253	1000000.000
3.587	1000000.000
3.587	1000000.000
0.090	1000000.000
0.090	1000000.000
-1.454	26.020
-1.454	26.020
2.630	67.273
2.630	67.273
1.461	非数字
1.461	非数字
3.234	-12.942
3.234	-12.942
0.841	1000000.000
0.841	1000000.000
-1.607	-40.274
-1.607	-40.274
3.945	1000000.000
3.945	1000000.000
9.440	-23.922
9.440	-23.922
非数字	1000000.000
非数字	1000000.000
1.003	非数字
1.003	非数字
-0.618	非数字
-0.618	非数字
-1.048	41.716
-1.048	41.716
非数字	2.165
非数字	2.165
0.987	非数字
0.987	非数字
4.403	1000000.000
4.403	1000000.000
1.424	26.606
1.424	26.606
-10.593	非数字
-10.593	非数字
2.963	1000000.000
2.963	1000000.000
0.903	69.112
0.903	69.112
3.982	非数字
3.982	非数字
1.570	非数字
1.570	非数字
0.339	86.838
0.339	86.838
0.860	-18.503
0.860	-18.503
0.306	25.734
0.306	25.734
0.651	85.177
0.651	85.177
-0.488	非数字
-0.488	非数字
0.492	非数字
0.492	非数字
3.704	25.188
3.704	25.188
0.658	非数字
0.658	非数字
-2.047	-27.441
-2.047	-27.441
-11.296	非数字
-11.296	非数字
-0.375	1000000.000
-0.375	1000000.000
1.181	-27.272
1.181	-27.272
0.241	-16.970
0.241	-16.970
1.574	1000000.000
1.574	1000000.000
5.159	1000000.000
5.159	1000000.000
非数字	2.298
非数字	2.298
1.517	-21.009
1.517	-21.009
2.208	-14.594
2.208	-14.594
2.051	-33.209
2.051	-33.209
37.626	31.340
37.626	31.340
-6.800	非数字
-6.800	非数字
-2.006	1000000.000
-2.006	1000000.000
4.135	非数字
4.135	非数字
1.317	1000000.000
1.317	1000000.000
0.689	非数字
0.689	非数字
1.195	非数字
1.195	非数字
0.543	1000000.000
0.543	1000000.000
7.509	1000000.000
7.509	1000000.000
9.168	-29.470
9.168	-29.470
0.566	非数字
0.566	非数字
1.436	1000000.000
1.436	1000000.000
-1.206	1000000.000
-1.206	1000000.000
0.544	81.933
0.544	81.933
非数字	1000000.000
非数字	1000000.000
-11.863	非数字
-11.863	非数字
8.277	-179.107
8.277	-179.107
-2.021	非数字
-2.021	非数字
4.620	-21.746
4.620	-21.746
-0.469	非数字
-0.469	非数字
-1.853	1000000.000
-1.853	1000000.000
1.779	非数字
1.779	非数字
-16.411	非数字
-16.411	非数字
0.176	1000000.000
0.176	1000000.000
-0.505	15.365
-0.505	15.365
2.542	1000000.000
2.542	1000000.000
非数字	-4.676
非数字	-4.676
57.733	-28.700
57.733	-28.700
9.379	1000000.000
9.379	1000000.000
5.115	-83.565
5.115	-83.565
4.052	非数字
4.052	非数字
非数字	1.575
非数字	1.575
0.407	1000000.000
0.407	1000000.000
9.217	非数字
9.217	非数字
3.070	38.041
3.070	38.041
-4.826	非数字
-4.826	非数字
6.756	35.291
6.756	35.291
-15.737	1000000.000
-15.737	1000000.000
1.553	15.932
1.553	15.932
1.214	1000000.000
1.214	1000000.000
2.535	-43.526
2.535	-43.526
-8.397	非数字
-8.397	非数字
5.095	16.257
5.095	16.257
10.199	1000000.000
10.199	1000000.000
-1.116	1000000.000
-1.116	1000000.000
2.906	28.456
2.906	28.456
2.037	-87.892
2.037	-87.892
-2.541	18.255
-2.541	18.255
1.503	-48.873
1.503	-48.873
-2.369	非数字
-2.369	非数字
7.756	1000000.000
7.756	1000000.000
2.175	-67.829
2.175	-67.829
1.192	1000000.000
1.192	1000000.000
-6.295	非数字
-6.295	非数字
1.436	非数字
1.436	非数字
52.529	非数字
52.529	非数字
2.059	非数字
2.059	非数字
2.427	非数字
2.427	非数字
7.080	非数字
7.080	非数字
3.535	非数字
3.535	非数字
-0.350	非数字
-0.350	非数字
-3.777	1000000.000
-3.777	1000000.000
2.145	24.388
2.145	24.388
1.575	非数字
1.575	非数字
-1.843	非数字
-1.843	非数字
0.731	非数字
0.731	非数字
-13.302	非数字
-13.302	非数字
-0.930	-70.745
-0.930	-70.745
-0.405	-25.803
-0.405	-25.803
1.735	-27.976
1.735	-27.976
2.262	-12.839
2.262	-12.839
1.518	1000000.000
1.518	1000000.000
-2.749	36.522
-2.749	36.522
1.578	非数字
1.578	非数字
1.159	24.198
1.159	24.198
0.587	非数字
0.587	非数字
-0.482	1000000.000
-0.482	1000000.000
6.515	非数字
6.515	非数字
2.361	-12.160
2.361	-12.160
非数字	1.425
非数字	1.425
-2.932	非数字
-2.932	非数字
-9.323	非数字
-9.323	非数字
10.712	1000000.000
10.712	1000000.000
0.306	25.412
0.306	25.412
-3.094	1000000.000
-3.094	1000000.000
-0.474	-47.932
-0.474	-47.932
1.355	-98.859
1.355	-98.859
2.860	-19.639
2.860	-19.639
3.556	非数字
3.556	非数字
8.114	1000000.000
8.114	1000000.000
-17.530	-16.749
-17.530	-16.749
7.903	33.668
7.903	33.668
-3.137	42.840
-3.137	42.840
1.551	非数字
1.551	非数字
8.094	43.579
8.094	43.579
2.450	非数字
2.450	非数字
0.827	26.758
0.827	26.758
6.953	非数字
6.953	非数字
4.649	非数字
4.649	非数字
3.303	22.120
3.303	22.120
1.967	52.798
1.967	52.798
0.887	16.906
0.887	16.906
4.713	1000000.000
4.713	1000000.000
-1.326	16.485
-1.326	16.485
10.771	1000000.000
10.771	1000000.000
6.419	27.807
6.419	27.807
-12.904	-19.285
-12.904	-19.285
11.249	非数字
11.249	非数字
4.326	33.388
4.326	33.388
3.070	非数字
3.070	非数字
7.627	23.680
7.627	23.680
非数字	3.707
非数字	3.707
3.230	26.401
3.230	26.401
-1.101	50.690
-1.101	50.690
-2.367	53.696
-2.367	53.696
3.408	1000000.000
3.408	1000000.000
-14.698	非数字
-14.698	非数字
30.510	-13.235
30.510	-13.235
0.068	32.155
0.068	32.155
-0.298	1000000.000
-0.298	1000000.000
15.929	1000000.000
15.929	1000000.000
2.130	非数字
2.130	非数字
0.082	67.310
0.082	67.310
1.018	54.740
1.018	54.740
1.324	24.739
1.324	24.739
0.644	-23.931
0.644	-23.931
0.985	-21.406
0.985	-21.406
0.148	非数字
0.148	非数字
-13.723	非数字
-13.723	非数字
-13.197	-20.480
-13.197	-20.480
-1.290	非数字
-1.290	非数字
2.275	非数字
2.275	非数字
4.290	15.427
4.290	15.427
-0.168	1000000.000
-0.168	1000000.000
11.233	-42.150
11.233	-42.150
2.758	非数字
2.758	非数字
非数字	1.736
非数字	1.736
1.364	非数字
1.364	非数字
-13.351	非数字
-13.351	非数字
63.579	35.146
63.579	35.146
非数字	非数字
非数字	非数字
1.347	非数字
1.347	非数字
1.013	非数字
1.013	非数字
3.894	-38.250
3.894	-38.250
3.552	非数字
3.552	非数字
5.166	12.981
5.166	12.981
-0.903	22.062
-0.903	22.062
0.477	1000000.000
0.477	1000000.000
1.663	非数字
1.663	非数字
3.234	非数字
3.234	非数字
0.242	1000000.000
0.242	1000000.000
1.248	84.921
1.248	84.921
1.111	29.216
1.111	29.216
1.728	非数字
1.728	非数字
-0.885	-1.056
-0.885	-1.056
2.665	33.693
2.665	33.693
2.338	-21.515
2.338	-21.515
11.281	1000000.000
11.281	1000000.000
1.418	非数字
1.418	非数字
1.339	17.264
1.339	17.264
2.085	-35.996
2.085	-35.996
-0.158	1000000.000
-0.158	1000000.000
-15.008	-10.240
-15.008	-10.240
-12.703	非数字
-12.703	非数字
非数字	0.888
非数字	0.888
-1.007	-20.155
-1.007	-20.155
0.699	55.310
0.699	55.310
非数字	0.015
非数字	0.015
1.602	-41.451
1.602	-41.451
5.331	19.818
5.331	19.818
-0.386	非数字
-0.386	非数字
9.571	14.275
9.571	14.275
-7.888	非数字
-7.888	非数字
2.346	非数字
2.346	非数字
-12.961	非数字
-12.961	非数字
2.055	非数字
2.055	非数字
1.366	53.249
1.366	53.249
1.736	15.979
1.736	15.979
1.335	非数字
1.335	非数字
3.347	42.550
3.347	42.550
2.585	17.412
2.585	17.412
3.955	1000000.000
3.955	1000000.000
非数字	1.556
非数字	1.556
2.667	非数字
2.667	非数字
5.561	11.869
5.561	11.869
4.390	24.905
4.390	24.905
2.071	非数字
2.071	非数字
2.561	-35.401
2.561	-35.401
-0.773	非数字
-0.773	非数字
2.525	23.769
2.525	23.769
非数字	3.293
非数字	3.293
8.325	1000000.000
8.325	1000000.000
-14.096	非数字
-14.096	非数字
46.021	-31.251
46.021	-31.251
-3.823	61.124
-3.823	61.124
非数字	3.784
非数字	3.784
6.633	1000000.000
6.633	1000000.000
非数字	3.206
非数字	3.206
0.820	31.404
0.820	31.404
3.528	1000000.000
3.528	1000000.000
4.146	1000000.000
4.146	1000000.000
3.672	71.187
3.672	71.187
2.046	34.864
2.046	34.864
2.247	非数字
2.247	非数字
-0.651	非数字
-0.651	非数字
9.542	1000000.000
9.542	1000000.000
非数字	4.274
非数字	4.274
5.913	非数字
5.913	非数字
7.372	28.436
7.372	28.436
2.690	非数字
2.690	非数字
1.321	64.667
1.321	64.667
4.406	非数字
4.406	非数字
6.894	-8.389
6.894	-8.389
9.198	25.953
9.198	25.953
-2.094	非数字
-2.094	非数字
11.631	1000000.000
11.631	1000000.000
2.757	31.210
2.757	31.210
12.295	2.352
12.295	2.352
1.096	-21.382
1.096	-21.382
7.990	非数字
7.990	非数字
7.290	-33.358
7.290	-33.358
-7.978	-14.394
-7.978	-14.394
2.235	非数字
2.235	非数字
2.412	1000000.000
2.412	1000000.000
3.790	15.608
3.790	15.608
2.107	非数字
2.107	非数字
-13.067	非数字
-13.067	非数字
3.494	30.758
3.494	30.758
-12.968	-41.246
-12.968	-41.246
13.561	82.767
13.561	82.767
1.742	非数字
1.742	非数字
1.031	-26.437
1.031	-26.437
3.428	60.693
3.428	60.693
49.790	14.532
49.790	14.532
1.951	-55.842
1.951	-55.842
2.075	-19.473
2.075	-19.473
非数字	1000000.000
非数字	1000000.000
5.272	63.490
5.272	63.490
1.009	-122.681
1.009	-122.681
1.874	-36.693
1.874	-36.693
2.828	18.928
2.828	18.928
-2.375	非数字
-2.375	非数字
3.203	84.208
3.203	84.208
1.596	34.988
1.596	34.988
7.482	24.946
7.482	24.946
5.260	4.487
5.260	4.487
2.180	1000000.000
2.180	1000000.000
5.299	25.458
5.299	25.458
2.957	-24.489
2.957	-24.489
12.205	-0.575
12.205	-0.575
-0.195	1000000.000
-0.195	1000000.000
-7.920	24.464
-7.920	24.464
9.038	1000000.000
9.038	1000000.000
-15.282	非数字
-15.282	非数字
2.885	-12.349
2.885	-12.349
1.373	-33.852
1.373	-33.852
1.816	16.731
1.816	16.731
-0.266	-27.634
-0.266	-27.634
2.577	非数字
2.577	非数字
-10.145	1000000.000
-10.145	1000000.000
50.916	1000000.000
50.916	1000000.000
7.310	1000000.000
7.310	1000000.000
-14.775	12.711
-14.775	12.711
-0.979	-86.027
-0.979	-86.027
2.851	1000000.000
2.851	1000000.000
非数字	2.383
非数字	2.383
1.156	-19.561
1.156	-19.561
-1.109	-23.867
-1.109	-23.867
2.348	24.768
2.348	24.768
41.903	1000000.000
41.903	1000000.000
-3.192	28.193
-3.192	28.193
-1.838	45.077
-1.838	45.077
2.301	-116.825
2.301	-116.825
3.430	26.010
3.430	26.010
0.941	34.808
0.941	34.808
0.197	1000000.000
0.197	1000000.000
3.359	非数字
3.359	非数字
-0.361	-16.637
-0.361	-16.637
1.658	52.287
1.658	52.287
-0.626	非数字
-0.626	非数字
0.456	11.486
0.456	11.486
1.324	27.408
1.324	27.408
1.788	11.147
1.788	11.147
20.889	非数字
20.889	非数字
1.686	非数字
1.686	非数字
0.327	17.372
0.327	17.372
9.630	1000000.000
9.630	1000000.000
2.122	21.415
2.122	21.415
3.104	1000000.000
3.104	1000000.000
14.765	1000000.000
14.765	1000000.000
非数字	1000000.000
非数字	1000000.000
15.089	13.870
15.089	13.870
11.861	35.923
11.861	35.923
非数字	-0.703
非数字	-0.703
2.545	1000000.000
2.545	1000000.000
0.393	19.705
0.393	19.705
3.155	非数字
3.155	非数字
3.691	98.749
3.691	98.749
2.110	非数字
2.110	非数字
3.022	非数字
3.022	非数字
非数字	11.287
非数字	11.287
9.829	5.643
9.829	5.643
10.082	1000000.000
10.082	1000000.000
-0.103	-28.927
-0.103	-28.927
-1.891	-20.819
-1.891	-20.819
2.818	1000000.000
2.818	1000000.000
-1.520	-67.246
-1.520	-67.246
-0.157	-16.397
-0.157	-16.397
7.280	53.159
7.280	53.159
1.306	-37.842
1.306	-37.842
2.936	31.609
2.936	31.609
-6.014	1000000.000
-6.014	1000000.000
5.410	1000000.000
5.410	1000000.000
55.754	-41.356
55.754	-41.356
3.092	1000000.000
3.092	1000000.000
非数字	11.346
非数字	11.346
8.227	1000000.000
8.227	1000000.000
非数字	2.385
非数字	2.385
2.978	1000000.000
2.978	1000000.000
-15.626	非数字
-15.626	非数字
-8.544	21.199
-8.544	21.199
-10.826	-14.172
-10.826	-14.172
-1.961	-10.453
-1.961	-10.453
-17.047	非数字
-17.047	非数字
3.750	23.763
3.750	23.763
-1.370	非数字
-1.370	非数字
5.458	10.358
5.458	10.358
11.529	-58.466
11.529	-58.466
0.586	-17.702
0.586	-17.702
-12.457	非数字
-12.457	非数字
12.580	22.281
12.580	22.281
23.862	19.809
23.862	19.809
3.670	非数字
3.670	非数字
非数字	1000000.000
非数字	1000000.000
-2.244	非数字
-2.244	非数字
0.073	-22.273
0.073	-22.273
-2.773	-22.005
-2.773	-22.005
非数字	1.545
非数字	1.545
1.329	非数字
1.329	非数字
2.693	1000000.000
2.693	1000000.000
0.451	非数字
0.451	非数字
8.172	1000000.000
8.172	1000000.000
-14.409	非数字
-14.409	非数字
-5.419	非数字
-5.419	非数字
5.280	77.378
5.280	77.378
-5.011	非数字
-5.011	非数字
7.349	25.238
7.349	25.238
-3.184	-25.702
-3.184	-25.702
0.770	非数字
0.770	非数字
3.858	24.574
3.858	24.574
-13.311	非数字
-13.311	非数字
0.257	-19.386
0.257	-19.386
-0.755	非数字
-0.755	非数字
12.874	35.188
12.874	35.188
2.925	26.088
2.925	26.088
8.528	1000000.000
8.528	1000000.000
-4.702	非数字
-4.702	非数字
-12.922	1000000.000
-12.922	1000000.000
-1.000	-63.384
-1.000	-63.384
-3.762	21.354
-3.762	21.354
34.345	-24.093
34.345	-24.093
7.766	13.321
7.766	13.321
0.048	非数字
0.048	非数字
2.545	-21.049
2.545	-21.049
2.780	64.881
2.780	64.881
2.339	85.273
2.339	85.273
-7.159	非数字
-7.159	非数字
4.250	12.334
4.250	12.334
非数字	2.418
非数字	2.418
1.827	19.630
1.827	19.630
1.128	-23.922
1.128	-23.922
非数字	3.268
非数字	3.268
非数字	1.058
非数字	1.058
-1.061	1000000.000
-1.061	1000000.000
-12.143	-12.143
-12.143	-12.143
非数字	0.990
非数字	0.990
0.009	非数字
0.009	非数字
1.545	92.668
1.545	92.668
6.934	-52.452
6.934	-52.452
0.513	64.740
0.513	64.740
非数字	2.572
非数字	2.572
2.112	非数字
2.112	非数字
5.063	1000000.000
5.063	1000000.000
1.780	非数字
1.780	非数字
1.536	-128.496
1.536	-128.496
-1.520	-55.987
-1.520	-55.987
-4.114	1000000.000
-4.114	1000000.000
-1.060	非数字
-1.060	非数字
16.891	非数字
16.891	非数字
1.834	23.112
1.834	23.112
2.522	44.288
2.522	44.288
3.688	32.286
3.688	32.286
-3.017	1000000.000
-3.017	1000000.000
3.323	非数字
3.323	非数字
3.518	90.373
3.518	90.373
11.089	1000000.000
11.089	1000000.000
43.256	89.474
43.256	89.474
-19.802	非数字
-19.802	非数字
1.111	非数字
1.111	非数字
4.870	1000000.000
4.870	1000000.000
2.017	-62.515
2.017	-62.515
1.118	16.136
1.118	16.136
20.469	0.583
20.469	0.583
-15.774	-20.919
-15.774	-20.919
非数字	0.790
非数字	0.790
11.032	21.836
11.032	21.836
-2.360	-1.103
-2.360	-1.103
1.021	-21.111
1.021	-21.111
-2.583	30.979
-2.583	30.979
14.777	1000000.000
14.777	1000000.000
-8.835	-29.722
-8.835	-29.722
1.599	25.050
1.599	25.050
0.105	50.433
0.105	50.433
2.551	非数字
2.551	非数字
0.821	17.569
0.821	17.569
3.081	56.669
3.081	56.669
1.097	-14.896
1.097	-14.896
-0.575	41.000
-0.575	41.000
1.075	30.224
1.075	30.224
42.088	1000000.000
42.088	1000000.000
1.959	非数字
1.959	非数字
-3.509	-61.217
-3.509	-61.217
2.997	非数字
2.997	非数字
2.874	-17.974
2.874	-17.974
41.537	20.047
41.537	20.047
10.665	-115.486
10.665	-115.486
4.255	非数字
4.255	非数字
-16.310	非数字
-16.310	非数字
0.984	34.109
0.984	34.109
1.918	12.944
1.918	12.944
1.906	-14.740
1.906	-14.740
0.587	24.161
0.587	24.161
0.540	86.796
0.540	86.796
-13.499	1000000.000
-13.499	1000000.000
8.016	1000000.000
8.016	1000000.000
6.934	非数字
6.934	非数字
2.018	非数字
2.018	非数字
1.538	非数字
1.538	非数字
12.139	-33.729
12.139	-33.729
1.579	非数字
1.579	非数字
1.251	21.406
1.251	21.406
2.216	-21.315
2.216	-21.315
1.861	17.235
1.861	17.235
19.226	11.706
19.226	11.706
11.504	1000000.000
11.504	1000000.000
4.917	12.898
4.917	12.898
3.308	-41.127
3.308	-41.127
1.167	非数字
1.167	非数字
4.053	1000000.000
4.053	1000000.000
0.835	非数字
0.835	非数字
11.849	40.222
11.849	40.222
42.513	88.280
42.513	88.280
-0.731	1000000.000
-0.731	1000000.000
-2.846	非数字
-2.846	非数字
-5.976	1000000.000
-5.976	1000000.000
0.983	非数字
0.983	非数字
6.268	-23.934
6.268	-23.934
3.327	非数字
3.327	非数字
10.223	30.926
10.223	30.926
2.268	28.774
2.268	28.774
6.205	12.742
6.205	12.742
3.013	-56.930
3.013	-56.930
2.011	2.380
2.011	2.380
-2.173	108.486
-2.173	108.486
1.448	-11.438
1.448	-11.438
-1.543	非数字
-1.543	非数字
0.536	17.886
0.536	17.886
-2.047	1000000.000
-2.047	1000000.000
3.651	13.106
3.651	13.106
43.693	21.285
43.693	21.285
49.214	非数字
49.214	非数字
41.921	1000000.000
41.921	1000000.000
-1.184	1000000.000
-1.184	1000000.000
3.693	1000000.000
3.693	1000000.000
1.067	-40.859
1.067	-40.859
非数字	21.104
非数字	21.104
2.921	29.683
2.921	29.683
-3.065	-18.382
-3.065	-18.382
3.850	53.513
3.850	53.513
-0.719	-44.699
-0.719	-44.699
0.796	17.806
0.796	17.806
-5.504	非数字
-5.504	非数字
非数字	2.408
非数字	2.408
2.238	33.234
2.238	33.234
-3.132	56.150
-3.132	56.150
-10.485	非数字
-10.485	非数字
47.581	69.829
47.581	69.829
1.265	1000000.000
1.265	1000000.000
非数字	非数字
非数字	非数字
1.362	57.078
1.362	57.078
1.646	-24.299
1.646	-24.299
2.969	-95.168
2.969	-95.168
-1.336	-11.356
-1.336	-11.356
45.090	27.233
45.090	27.233
2.202	非数字
2.202	非数字
2.015	-34.352
2.015	-34.352
2.332	非数字
2.332	非数字
0.426	非数字
0.426	非数字
1.868	-17.874
1.868	-17.874
13.062	非数字
13.062	非数字
15.000	27.636
15.000	27.636
6.226	-22.539
6.226	-22.539
1.864	27.736
1.864	27.736
0.426	非数字
0.426	非数字
-15.855	-0.087
-15.855	-0.087
2.351	非数字
2.351	非数字
40.196	27.977
40.196	27.977
13.150	19.091
13.150	19.091
1.741	-23.928
1.741	-23.928
6.836	非数字
6.836	非数字
5.216	1000000.000
5.216	1000000.000
1.064	-38.773
1.064	-38.773
1.154	-20.598
1.154	-20.598
1.412	-103.425
1.412	-103.425
-13.808	非数字
-13.808	非数字
9.960	1000000.000
9.960	1000000.000
1.889	1.243
1.889	1.243
4.708	非数字
4.708	非数字
9.826	-92.820
9.826	-92.820
2.305	10.823
2.305	10.823
3.444	-21.677
3.444	-21.677
2.124	-60.859
2.124	-60.859
0.561	-49.866
0.561	-49.866
0.308	19.615
0.308	19.615
42.401	非数字
42.401	非数字
-0.568	-26.790
-0.568	-26.790
9.166	非数字
9.166	非数字
-10.753	0.434
-10.753	0.434
2.430	-38.343
2.430	-38.343
非数字	1.157
非数字	1.157
-6.353	1000000.000
-6.353	1000000.000
0.964	非数字
0.964	非数字
-0.520	-24.547
-0.520	-24.547
4.763	非数字
4.763	非数字
0.438	-19.341
0.438	-19.341
2.339	非数字
2.339	非数字
1.228	非数字
1.228	非数字
5.996	1000000.000
5.996	1000000.000
3.344	1000000.000
3.344	1000000.000
2.139	-18.135
2.139	-18.135
-0.634	26.818
-0.634	26.818
3.591	非数字
3.591	非数字
-1.161	27.981
-1.161	27.981
-6.538	非数字
-6.538	非数字
-10.268	非数字
-10.268	非数字
2.135	非数字
2.135	非数字
2.978	1000000.000
2.978	1000000.000
1.005	25.849
1.005	25.849
5.214	-13.844
5.214	-13.844
3.083	-29.351
3.083	-29.351
0.843	1000000.000
0.843	1000000.000
3.389	1000000.000
3.389	1000000.000
4.764	非数字
4.764	非数字
3.111	-91.195
3.111	-91.195
2.092	-16.532
2.092	-16.532
2.826	51.765
2.826	51.765
1.649	21.240
1.649	21.240
0.642	26.237
0.642	26.237
2.173	1000000.000
2.173	1000000.000
4.713	12.566
4.713	12.566
-0.878	非数字
-0.878	非数字
0.576	106.500
0.576	106.500
-1.514	60.210
-1.514	60.210
10.999	1000000.000
10.999	1000000.000
2.686	58.630
2.686	58.630
0.324	21.918
0.324	21.918
2.882	1000000.000
2.882	1000000.000
非数字	9.130
非数字	9.130
11.992	1000000.000
11.992	1000000.000
14.266	16.313
14.266	16.313
3.357	1000000.000
3.357	1000000.000
1.131	17.326
1.131	17.326
2.684	1000000.000
2.684	1000000.000
-0.160	41.719
-0.160	41.719
-0.259	-11.038
-0.259	-11.038
58.629	非数字
58.629	非数字
5.764	非数字
5.764	非数字
1.440	非数字
1.440	非数字
14.460	非数字
14.460	非数字
2.278	1000000.000
2.278	1000000.000
4.230	29.197
4.230	29.197
0.999	非数字
0.999	非数字
-4.402	-77.090
-4.402	-77.090
6.563	1000000.000
6.563	1000000.000
4.482	18.302
4.482	18.302
0.325	非数字
0.325	非数字
非数字	4.714
非数字	4.714
-2.018	非数字
-2.018	非数字
9.746	1000000.000
9.746	1000000.000
2.332	1000000.000
2.332	1000000.000
-1.500	-20.682
-1.500	-20.682
0.837	非数字
0.837	非数字
0.681	-40.510
0.681	-40.510
-3.234	27.314
-3.234	27.314
2.415	非数字
2.415	非数字
2.686	1000000.000
2.686	1000000.000
1.907	1000000.000
1.907	1000000.000
3.248	1000000.000
3.248	1000000.000
2.130	1000000.000
2.130	1000000.000
0.553	1000000.000
0.553	1000000.000
2.669	68.779
2.669	68.779
14.993	55.987
14.993	55.987
1.298	非数字
1.298	非数字
2.539	1000000.000
2.539	1000000.000
12.844	89.132
12.844	89.132
-9.548	18.101
-9.548	18.101
12.168	11.168
12.168	11.168
2.090	1000000.000
2.090	1000000.000
11.442	19.927
11.442	19.927
3.416	67.255
3.416	67.255
2.565	非数字
2.565	非数字
64.739	111.072
64.739	111.072
1.557	1000000.000
1.557	1000000.000
2.174	1000000.000
2.174	1000000.000
非数字	0.578
非数字	0.578
0.209	-46.285
0.209	-46.285
10.845	1000000.000
10.845	1000000.000
0.108	-43.662
0.108	-43.662
15.490	非数字
15.490	非数字
1.492	非数字
1.492	非数字
49.375	1000000.000
49.375	1000000.000
-2.028	29.353
-2.028	29.353
1.687	1000000.000
1.687	1000000.000
-1.601	67.636
-1.601	67.636
1.558	59.301
1.558	59.301
1.676	31.346
1.676	31.346
5.015	-19.564
5.015	-19.564
3.381	-97.236
3.381	-97.236
1.691	非数字
1.691	非数字
5.433	1000000.000
5.433	1000000.000
17.216	-1.496
17.216	-1.496
9.792	77.629
9.792	77.629
3.206	-91.985
3.206	-91.985
1.179	13.111
1.179	13.111
2.199	非数字
2.199	非数字
1.530	非数字
1.530	非数字
3.514	非数字
3.514	非数字
9.530	31.692
9.530	31.692
3.332	1000000.000
3.332	1000000.000
2.820	1000000.000
2.820	1000000.000
16.127	1.189
16.127	1.189
1.915	-21.626
1.915	-21.626
11.179	-3.550
11.179	-3.550
12.988	-11.169
12.988	-11.169
18.910	-14.822
18.910	-14.822
2.522	27.584
2.522	27.584
10.561	13.944
10.561	13.944
9.967	1000000.000
9.967	1000000.000
6.661	1000000.000
6.661	1000000.000
36.996	31.224
36.996	31.224
2.469	1000000.000
2.469	1000000.000
-2.774	非数字
-2.774	非数字
1.189	26.297
1.189	26.297
-13.724	非数字
-13.724	非数字
0.431	非数字
0.431	非数字
5.773	-29.986
5.773	-29.986
19.262	7.808
19.262	7.808
非数字	-10.280
非数字	-10.280
7.388	-14.344
7.388	-14.344
16.029	非数字
16.029	非数字
0.649	-53.143
0.649	-53.143
1.189	1000000.000
1.189	1000000.000
5.596	1000000.000
5.596	1000000.000
4.608	25.517
4.608	25.517
6.602	1000000.000
6.602	1000000.000
7.015	1000000.000
7.015	1000000.000
7.609	1000000.000
7.609	1000000.000
8.401	-21.105
8.401	-21.105
0.153	1000000.000
0.153	1000000.000
2.233	非数字
2.233	非数字
0.393	非数字
0.393	非数字
11.258	12.057
11.258	12.057
-19.077	非数字
-19.077	非数字
13.277	1000000.000
13.277	1000000.000
49.020	-25.991
49.020	-25.991
-1.163	99.728
-1.163	99.728
43.426	-29.660
43.426	-29.660
非数字	5.249
非数字	5.249
2.615	非数字
2.615	非数字
-19.881	-16.939
-19.881	-16.939
-0.883	4.841
-0.883	4.841
1.309	12.666
1.309	12.666
非数字	3.263
非数字	3.263
-0.166	非数字
-0.166	非数字
3.354	-117.780
3.354	-117.780
-1.463	1000000.000
-1.463	1000000.000
12.385	13.806
12.385	13.806
4.163	41.426
4.163	41.426
13.192	-47.689
13.192	-47.689
4.633	-18.941
4.633	-18.941
-3.044	97.385
-3.044	97.385
0.168	32.739
0.168	32.739
9.392	26.780
9.392	26.780
2.616	195.750
2.616	195.750
-3.329	39.686
-3.329	39.686
0.271	36.319
0.271	36.319
8.879	-22.427
8.879	-22.427
-0.203	-111.124
-0.203	-111.124
-18.867	非数字
-18.867	非数字
-2.841	-16.520
-2.841	-16.520
4.608	-42.166
4.608	-42.166
-0.694	-101.275
-0.694	-101.275
-9.874	非数字
-9.874	非数字
5.007	-19.259
5.007	-19.259
2.072	非数字
2.072	非数字
6.642	1000000.000
6.642	1000000.000
1.633	非数字
1.633	非数字
9.287	20.329
9.287	20.329
2.457	-11.545
2.457	-11.545
18.161	17.357
18.161	17.357
4.739	25.787
4.739	25.787
4.448	1000000.000
4.448	1000000.000
非数字	-12.137
非数字	-12.137
1.612	39.427
1.612	39.427
1.563	非数字
1.563	非数字
3.037	-43.779
3.037	-43.779
-2.134	26.639
-2.134	26.639
1.411	-46.979
1.411	-46.979
1.623	1000000.000
1.623	1000000.000
3.661	非数字
3.661	非数字
42.556	27.845
42.556	27.845
11.470	1000000.000
11.470	1000000.000
8.096	1000000.000
8.096	1000000.000
-5.806	非数字
-5.806	非数字
1.976	1000000.000
1.976	1000000.000
-2.137	67.012
-2.137	67.012
非数字	0.214
非数字	0.214
2.363	1000000.000
2.363	1000000.000
1.880	1000000.000
1.880	1000000.000
13.818	1000000.000
13.818	1000000.000
18.534	6.117
18.534	6.117
0.929	-35.097
0.929	-35.097
-18.273	非数字
-18.273	非数字
8.017	18.106
8.017	18.106
14.468	-17.832
14.468	-17.832
-6.568	非数字
-6.568	非数字
-2.088	40.081
-2.088	40.081
10.407	46.743
10.407	46.743
-9.580	非数字
-9.580	非数字
-1.838	1000000.000
-1.838	1000000.000
1.042	13.424
1.042	13.424
1.063	非数字
1.063	非数字
0.424	1000000.000
0.424	1000000.000
非数字	91.638
非数字	91.638
-18.386	非数字
-18.386	非数字
15.040	1000000.000
15.040	1000000.000
11.408	8.235
11.408	8.235
0.452	1000000.000
0.452	1000000.000
1.626	20.223
1.626	20.223
27.017	1000000.000
27.017	1000000.000
-71.104	-38.327
-71.104	-38.327
2.357	95.378
2.357	95.378
-12.847	非数字
-12.847	非数字
0.503	-79.743
0.503	-79.743
2.048	59.101
2.048	59.101
0.577	-10.564
0.577	-10.564
0.793	1000000.000
0.793	1000000.000
-4.895	-13.538
-4.895	-13.538
10.518	10.332
10.518	10.332
11.256	-10.020
11.256	-10.020
43.226	51.199
43.226	51.199
5.072	41.459
5.072	41.459
0.930	1000000.000
0.930	1000000.000
18.931	36.095
18.931	36.095
0.985	非数字
0.985	非数字
-0.817	82.097
-0.817	82.097
-0.366	33.652
-0.366	33.652
-13.452	-12.923
-13.452	-12.923
13.608	16.289
13.608	16.289
1.420	-21.618
1.420	-21.618
3.368	25.286
3.368	25.286
-17.347	-12.267
-17.347	-12.267
6.344	1000000.000
6.344	1000000.000
5.356	1000000.000
5.356	1000000.000
8.056	-30.518
8.056	-30.518
1.894	非数字
1.894	非数字
1.470	非数字
1.470	非数字
0.919	18.821
0.919	18.821
-3.311	非数字
-3.311	非数字
0.776	11.783
0.776	11.783
-0.930	非数字
-0.930	非数字
31.464	24.598
31.464	24.598
2.851	1000000.000
2.851	1000000.000
2.977	2.316
2.977	2.316
19.111	-24.796
19.111	-24.796
0.232	1000000.000
0.232	1000000.000
-1.893	非数字
-1.893	非数字
-0.860	17.593
-0.860	17.593
15.859	34.164
15.859	34.164
0.390	-10.970
0.390	-10.970
-0.518	1000000.000
-0.518	1000000.000
10.042	1000000.000
10.042	1000000.000
46.158	39.048
46.158	39.048
0.486	-12.743
0.486	-12.743
非数字	24.818
非数字	24.818
14.222	1000000.000
14.222	1000000.000
2.523	12.241
2.523	12.241
5.062	147.048
5.062	147.048
8.125	23.615
8.125	23.615
40.167	17.497
40.167	17.497
-2.630	1000000.000
-2.630	1000000.000
11.082	1000000.000
11.082	1000000.000
0.744	非数字
0.744	非数字
4.638	1000000.000
4.638	1000000.000
0.560	非数字
0.560	非数字
10.711	非数字
10.711	非数字
10.839	11.233
10.839	11.233
0.141	22.425
0.141	22.425
3.306	1000000.000
3.306	1000000.000
2.756	1000000.000
2.756	1000000.000
4.395	1000000.000
4.395	1000000.000
2.499	非数字
2.499	非数字
-2.778	1000000.000
-2.778	1000000.000
1.563	非数字
1.563	非数字
8.896	非数字
8.896	非数字
1.412	1000000.000
1.412	1000000.000
2.462	113.210
2.462	113.210
-18.523	1000000.000
-18.523	1000000.000
12.906	-104.241
12.906	-104.241
1.179	-154.345
1.179	-154.345
-18.293	非数字
-18.293	非数字
-0.943	29.692
-0.943	29.692
0.772	1000000.000
0.772	1000000.000
-5.600	非数字
-5.600	非数字
-14.127	5.604
-14.127	5.604
-13.110	非数字
-13.110	非数字
16.677	非数字
16.677	非数字
4.185	-32.237
4.185	-32.237
-4.936	1000000.000
-4.936	1000000.000
3.326	1000000.000
3.326	1000000.000
12.251	15.384
12.251	15.384
2.510	-15.031
2.510	-15.031
-9.076	1000000.000
-9.076	1000000.000
2.815	25.607
2.815	25.607
-16.641	非数字
-16.641	非数字
3.049	-17.027
3.049	-17.027
2.948	非数字
2.948	非数字
2.580	1000000.000
2.580	1000000.000
2.096	130.319
2.096	130.319
7.873	1000000.000
7.873	1000000.000
非数字	-42.296
非数字	-42.296
-1.478	-36.199
-1.478	-36.199
-15.232	1000000.000
-15.232	1000000.000
-10.484	-13.931
-10.484	-13.931
47.646	1000000.000
47.646	1000000.000
0.247	1000000.000
0.247	1000000.000
1.931	-24.079
1.931	-24.079
-3.611	1000000.000
-3.611	1000000.000
-6.264	非数字
-6.264	非数字
1.707	-15.378
1.707	-15.378
非数字	-5.017
非数字	-5.017
1.109	16.057
1.109	16.057
6.773	-39.766
6.773	-39.766
2.465	-70.309
2.465	-70.309
-3.374	34.670
-3.374	34.670
3.345	55.375
3.345	55.375
-1.166	20.580
-1.166	20.580
-2.003	1000000.000
-2.003	1000000.000
-7.517	-19.810
-7.517	-19.810
14.674	1000000.000
14.674	1000000.000
1.534	-15.738
1.534	-15.738
6.673	29.942
6.673	29.942
-1.015	1000000.000
-1.015	1000000.000
2.486	非数字
2.486	非数字
-12.638	非数字
-12.638	非数字
1.746	-24.723
1.746	-24.723
-3.175	-32.014
-3.175	-32.014
5.815	1000000.000
5.815	1000000.000
3.638	107.036
3.638	107.036
2.034	21.308
2.034	21.308
1.773	1000000.000
1.773	1000000.000
1.675	-34.909
1.675	-34.909
1.932	非数字
1.932	非数字
-1.172	67.080
-1.172	67.080
1.232	-16.129
1.232	-16.129
1.615	18.703
1.615	18.703
7.130	57.054
7.130	57.054
3.861	1000000.000
3.861	1000000.000
-0.991	24.389
-0.991	24.389
0.345	29.768
0.345	29.768
-1.933	1000000.000
-1.933	1000000.000
16.641	非数字
16.641	非数字
14.101	非数字
14.101	非数字
-2.069	32.439
-2.069	32.439
-3.747	1000000.000
-3.747	1000000.000
1.213	-15.744
1.213	-15.744
3.890	非数字
3.890	非数字
3.597	26.844
3.597	26.844
1.224	-55.971
1.224	-55.971
2.399	1000000.000
2.399	1000000.000
0.895	31.878
0.895	31.878
14.306	16.030
14.306	16.030
-14.634	1000000.000
-14.634	1000000.000
3.812	-14.392
3.812	-14.392
9.112	21.957
9.112	21.957
1.997	非数字
1.997	非数字
5.357	18.630
5.357	18.630
13.999	1000000.000
13.999	1000000.000
4.912	非数字
4.912	非数字
-4.128	1000000.000
-4.128	1000000.000
非数字	-11.033
非数字	-11.033
45.697	122.244
45.697	122.244
9.468	-29.068
9.468	-29.068
1.625	14.860
1.625	14.860
0.670	-105.023
0.670	-105.023
3.558	-25.315
3.558	-25.315
1.967	31.959
1.967	31.959
-11.413	1000000.000
-11.413	1000000.000
1.842	76.130
1.842	76.130
2.932	-43.841
2.932	-43.841
-4.453	非数字
-4.453	非数字
49.151	1000000.000
49.151	1000000.000
3.176	非数字
3.176	非数字
0.060	15.451
0.060	15.451
5.553	19.247
5.553	19.247
9.629	16.554
9.629	16.554
4.643	26.827
4.643	26.827
33.839	49.914
33.839	49.914
-2.140	非数字
-2.140	非数字
-12.135	1000000.000
-12.135	1000000.000
2.169	14.013
2.169	14.013
-14.345	非数字
-14.345	非数字
14.687	1000000.000
14.687	1000000.000
1.104	非数字
1.104	非数字
11.259	19.763
11.259	19.763
10.181	-20.397
10.181	-20.397
4.535	非数字
4.535	非数字
8.467	1000000.000
8.467	1000000.000
11.378	非数字
11.378	非数字
5.840	102.261
5.840	102.261
2.047	22.656
2.047	22.656
2.729	1000000.000
2.729	1000000.000
1.052	非数字
1.052	非数字
-0.221	非数字
-0.221	非数字
2.537	-47.022
2.537	-47.022
7.463	1000000.000
7.463	1000000.000
11.186	1000000.000
11.186	1000000.000
12.401	-0.868
12.401	-0.868
-0.265	非数字
-0.265	非数字
2.141	非数字
2.141	非数字
0.150	18.382
0.150	18.382
非数字	2.839
非数字	2.839
15.013	6.637
15.013	6.637
1.074	-14.211
1.074	-14.211
1.984	-17.554
1.984	-17.554
1.447	-46.227
1.447	-46.227
3.049	28.034
3.049	28.034
8.207	1000000.000
8.207	1000000.000
5.947	-36.649
5.947	-36.649
0.799	非数字
0.799	非数字
16.880	1000000.000
16.880	1000000.000
1.906	非数字
1.906	非数字
1.422	1000000.000
1.422	1000000.000
11.092	21.192
11.092	21.192
2.768	14.652
2.768	14.652
2.239	非数字
2.239	非数字
-14.481	-17.574
-14.481	-17.574
-0.514	27.697
-0.514	27.697
2.213	非数字
2.213	非数字
8.541	47.015
8.541	47.015
5.381	非数字
5.381	非数字
2.034	-72.680
2.034	-72.680
-15.995	1000000.000
-15.995	1000000.000
1.987	-13.467
1.987	-13.467
1.688	25.984
1.688	25.984
-0.064	-35.149
-0.064	-35.149
0.974	-94.718
0.974	-94.718
1.328	-45.091
1.328	-45.091
-3.787	1.030
-3.787	1.030
18.374	非数字
18.374	非数字
4.915	1000000.000
4.915	1000000.000
-9.866	54.722
-9.866	54.722
3.168	-33.349
3.168	-33.349
10.693	29.850
10.693	29.850
4.355	1000000.000
4.355	1000000.000
6.502	80.095
6.502	80.095
4.056	1000000.000
4.056	1000000.000
-2.596	非数字
-2.596	非数字
3.075	54.263
3.075	54.263
7.167	-15.531
7.167	-15.531
-14.527	1000000.000
-14.527	1000000.000
1.761	非数字
1.761	非数字
41.649	-24.338
41.649	-24.338
0.663	1000000.000
0.663	1000000.000
5.031	81.359
5.031	81.359
非数字	-22.592
非数字	-22.592
3.672	-15.643
3.672	-15.643
15.225	71.004
15.225	71.004
2.342	1000000.000
2.342	1000000.000
18.642	58.876
18.642	58.876
13.686	1000000.000
13.686	1000000.000
4.625	-48.794
4.625	-48.794
0.308	非数字
0.308	非数字
-1.562	14.129
-1.562	14.129
非数字	-13.971
非数字	-13.971
-0.937	非数字
-0.937	非数字
52.594	17.239
52.594	17.239
4.590	75.225
4.590	75.225
1.082	10.017
1.082	10.017
1.021	非数字
1.021	非数字
0.316	-60.032
0.316	-60.032
31.879	25.182
31.879	25.182
2.594	非数字
2.594	非数字
2.984	-13.416
2.984	-13.416
-10.192	40.612
-10.192	40.612
55.946	28.923
55.946	28.923
5.324	非数字
5.324	非数字
13.353	3.209
13.353	3.209
4.933	非数字
4.933	非数字
3.578	-29.890
3.578	-29.890
14.464	68.230
14.464	68.230
0.748	-0.800
0.748	-0.800
0.649	19.288
0.649	19.288
2.984	1000000.000
2.984	1000000.000
-13.671	非数字
-13.671	非数字
-4.881	-16.629
-4.881	-16.629
-24.720	1000000.000
-24.720	1000000.000
0.822	非数字
0.822	非数字
非数字	-17.062
非数字	-17.062
7.714	-66.785
7.714	-66.785
13.977	12.510
13.977	12.510
2.268	非数字
2.268	非数字
2.929	14.570
2.929	14.570
11.161	非数字
11.161	非数字
-14.864	17.591
-14.864	17.591
1.760	14.076
1.760	14.076
-15.314	非数字
-15.314	非数字
-20.572	-16.675
-20.572	-16.675
7.331	1000000.000
7.331	1000000.000
6.898	-100.080
6.898	-100.080
16.576	1000000.000
16.576	1000000.000
10.460	-67.980
10.460	-67.980
1.950	非数字
1.950	非数字
-6.117	-13.368
-6.117	-13.368
0.312	-31.834
0.312	-31.834
-0.310	-31.144
-0.310	-31.144
2.364	非数字
2.364	非数字
-13.389	非数字
-13.389	非数字
-1.203	85.550
-1.203	85.550
14.541	非数字
14.541	非数字
3.098	1000000.000
3.098	1000000.000
-1.959	-32.655
-1.959	-32.655
1.513	15.404
1.513	15.404
5.436	1000000.000
5.436	1000000.000
0.050	-20.800
0.050	-20.800
7.989	1000000.000
7.989	1000000.000
16.461	4.667
16.461	4.667
6.539	24.784
6.539	24.784
4.258	-21.374
4.258	-21.374
-1.227	71.199
-1.227	71.199
-6.215	1000000.000
-6.215	1000000.000
-5.047	29.939
-5.047	29.939
12.484	4.994
12.484	4.994
3.917	12.851
3.917	12.851
5.456	-33.405
5.456	-33.405
1.733	非数字
1.733	非数字
14.596	-173.376
14.596	-173.376
-12.370	17.535
-12.370	17.535
1.837	非数字
1.837	非数字
-1.356	非数字
-1.356	非数字
16.237	1000000.000
16.237	1000000.000
非数字	1000000.000
非数字	1000000.000
1.078	-16.122
1.078	-16.122
非数字	1000000.000
非数字	1000000.000
0.567	-18.196
0.567	-18.196
12.830	非数字
12.830	非数字
0.698	-26.086
0.698	-26.086
2.198	-20.886
2.198	-20.886
62.868	非数字
62.868	非数字
-1.861	-69.834
-1.861	-69.834
3.882	30.485
3.882	30.485
4.267	非数字
4.267	非数字
2.666	100.871
2.666	100.871
3.578	-11.222
3.578	-11.222
非数字	1000000.000
非数字	1000000.000
2.561	非数字
2.561	非数字
-2.439	非数字
-2.439	非数字
2.104	-109.660
2.104	-109.660
-7.132	非数字
-7.132	非数字
-1.600	1000000.000
-1.600	1000000.000
-2.101	非数字
-2.101	非数字
8.667	1000000.000
8.667	1000000.000
0.806	非数字
0.806	非数字
3.879	-20.923
3.879	-20.923
4.744	非数字
4.744	非数字
1.564	1000000.000
1.564	1000000.000
10.463	-35.769
10.463	-35.769
12.405	42.531
12.405	42.531
17.959	20.752
17.959	20.752
-15.205	31.637
-15.205	31.637
1.765	非数字
1.765	非数字
-16.849	42.364
-16.849	42.364
-4.900	1000000.000
-4.900	1000000.000
-0.445	1000000.000
-0.445	1000000.000
38.229	34.113
38.229	34.113
0.157	-21.602
0.157	-21.602
0.030	144.798
0.030	144.798
-5.246	-23.109
-5.246	-23.109
-11.205	-14.538
-11.205	-14.538
15.580	21.266
15.580	21.266
-0.411	-39.983
-0.411	-39.983
9.118	-15.532
9.118	-15.532
-1.594	-49.571
-1.594	-49.571
1.074	非数字
1.074	非数字
46.922	26.720
46.922	26.720
-18.132	-27.471
-18.132	-27.471
-0.923	108.957
-0.923	108.957
0.680	20.516
0.680	20.516
15.459	1.882
15.459	1.882
12.873	44.741
12.873	44.741
5.511	非数字
5.511	非数字
-0.658	1000000.000
-0.658	1000000.000
10.630	非数字
10.630	非数字
6.053	非数字
6.053	非数字
1.691	24.670
1.691	24.670
1.924	-30.151
1.924	-30.151
1.848	-19.600
1.848	-19.600
-0.229	非数字
-0.229	非数字
9.569	非数字
9.569	非数字
1.882	-16.336
1.882	-16.336
-3.222	1000000.000
-3.222	1000000.000
40.410	33.737
40.410	33.737
1.111	-15.105
1.111	-15.105
2.880	非数字
2.880	非数字
3.980	27.682
3.980	27.682
9.620	23.020
9.620	23.020
-2.461	1000000.000
-2.461	1000000.000
7.364	64.455
7.364	64.455
-1.340	1000000.000
-1.340	1000000.000
6.160	1000000.000
6.160	1000000.000
5.984	非数字
5.984	非数字
2.548	-23.905
2.548	-23.905
-9.368	1000000.000
-9.368	1000000.000
-2.134	26.639
-2.134	26.639
非数字	144.100
非数字	144.100
2.518	91.829
2.518	91.829
4.409	非数字
4.409	非数字
非数字	1000000.000
非数字	1000000.000
-1.881	-17.012
-1.881	-17.012
-3.219	1000000.000
-3.219	1000000.000
4.513	15.143
4.513	15.143
4.817	64.945
4.817	64.945
7.653	-25.578
7.653	-25.578
-9.821	-48.199
-9.821	-48.199
5.639	24.441
5.639	24.441
10.087	非数字
10.087	非数字
-4.527	91.731
-4.527	91.731
-5.821	-13.731
-5.821	-13.731
12.018	16.409
12.018	16.409
11.824	29.189
11.824	29.189
15.823	39.941
15.823	39.941
-0.282	30.403
-0.282	30.403
11.522	非数字
11.522	非数字
-3.102	111.590
-3.102	111.590
9.540	-21.845
9.540	-21.845
-0.946	非数字
-0.946	非数字
41.499	非数字
41.499	非数字
-1.370	-56.120
-1.370	-56.120
-18.222	-17.265
-18.222	-17.265
35.086	1000000.000
35.086	1000000.000
0.661	-192.525
0.661	-192.525
-0.098	-65.292
-0.098	-65.292
-6.128	1000000.000
-6.128	1000000.000
3.165	非数字
3.165	非数字
8.454	非数字
8.454	非数字
14.008	-49.321
14.008	-49.321
2.331	非数字
2.331	非数字
16.701	14.718
16.701	14.718
3.055	非数字
3.055	非数字
17.274	9.130
17.274	9.130
2.646	1000000.000
2.646	1000000.000
0.542	-16.097
0.542	-16.097
非数字	1000000.000
非数字	1000000.000
-4.270	37.248
-4.270	37.248
2.499	非数字
2.499	非数字
0.796	非数字
0.796	非数字
3.508	14.136
3.508	14.136
0.540	-22.269
0.540	-22.269
1.830	1000000.000
1.830	1000000.000
31.366	31.448
31.366	31.448
非数字	57.040
非数字	57.040
4.917	非数字
4.917	非数字
1.031	非数字
1.031	非数字
31.796	37.315
31.796	37.315
3.143	1000000.000
3.143	1000000.000
11.471	-26.181
11.471	-26.181
1.449	1000000.000
1.449	1000000.000
7.243	-89.748
7.243	-89.748
9.528	18.767
9.528	18.767
2.850	非数字
2.850	非数字
2.146	74.811
2.146	74.811
1.857	1000000.000
1.857	1000000.000
7.199	1000000.000
7.199	1000000.000
2.925	非数字
2.925	非数字
0.493	-49.565
0.493	-49.565
28.209	27.582
28.209	27.582
-0.383	1000000.000
-0.383	1000000.000
24.430	非数字
24.430	非数字
-17.457	28.398
-17.457	28.398
0.891	-63.424
0.891	-63.424
9.988	-18.399
9.988	-18.399
-1.074	59.571
-1.074	59.571
6.347	37.757
6.347	37.757
5.038	-111.754
5.038	-111.754
0.587	13.794
0.587	13.794
2.408	非数字
2.408	非数字
-0.494	非数字
-0.494	非数字
2.194	64.049
2.194	64.049
1.845	145.246
1.845	145.246
-0.369	非数字
-0.369	非数字
14.853	55.087
14.853	55.087
-4.652	1000000.000
-4.652	1000000.000
4.029	1000000.000
4.029	1000000.000
5.314	1000000.000
5.314	1000000.000
-6.212	-3.985
-6.212	-3.985
-2.016	-41.572
-2.016	-41.572
2.280	非数字
2.280	非数字
-16.132	68.919
-16.132	68.919
1.759	非数字
1.759	非数字
2.225	30.322
2.225	30.322
4.952	37.447
4.952	37.447
3.747	99.080
3.747	99.080
-16.781	29.841
-16.781	29.841
13.048	13.083
13.048	13.083
-0.577	1000000.000
-0.577	1000000.000
36.174	42.051
36.174	42.051
11.387	1.818
11.387	1.818
2.139	非数字
2.139	非数字
2.806	16.477
2.806	16.477
11.538	1000000.000
11.538	1000000.000
-8.462	1000000.000
-8.462	1000000.000
4.334	81.098
4.334	81.098
1.242	-56.768
1.242	-56.768
21.323	-33.279
21.323	-33.279
0.597	105.657
0.597	105.657
3.506	121.427
3.506	121.427
14.645	18.200
14.645	18.200
0.311	1000000.000
0.311	1000000.000
0.287	1000000.000
0.287	1000000.000
0.496	1000000.000
0.496	1000000.000
2.957	-10.794
2.957	-10.794
1.225	1000000.000
1.225	1000000.000
1.672	1000000.000
1.672	1000000.000
4.336	86.981
4.336	86.981
1.219	64.362
1.219	64.362
1.775	27.781
1.775	27.781
0.480	非数字
0.480	非数字
13.580	-1.954
13.580	-1.954
-10.413	14.907
-10.413	14.907
0.758	81.282
0.758	81.282
-4.913	1000000.000
-4.913	1000000.000
3.869	24.834
3.869	24.834
0.025	38.815
0.025	38.815
0.816	13.266
0.816	13.266
1.557	16.287
1.557	16.287
11.451	38.133
11.451	38.133
10.173	非数字
10.173	非数字
-3.360	非数字
-3.360	非数字
19.903	非数字
19.903	非数字
1.218	-16.508
1.218	-16.508
1.258	-23.707
1.258	-23.707
30.950	1000000.000
30.950	1000000.000
13.794	22.040
13.794	22.040
2.997	非数字
2.997	非数字
1.990	-21.559
1.990	-21.559
0.461	1000000.000
0.461	1000000.000
12.000	65.235
12.000	65.235
2.095	-84.949
2.095	-84.949
6.133	1000000.000
6.133	1000000.000
2.952	非数字
2.952	非数字
-0.763	-159.808
-0.763	-159.808
8.352	非数字
8.352	非数字
-3.299	-27.684
-3.299	-27.684
1.358	63.873
1.358	63.873
7.039	1000000.000
7.039	1000000.000
3.684	非数字
3.684	非数字
6.285	-21.752
6.285	-21.752
6.366	非数字
6.366	非数字
-0.396	1000000.000
-0.396	1000000.000
13.167	7.070
13.167	7.070
-1.808	-59.642
-1.808	-59.642
-4.913	43.828
-4.913	43.828
3.559	非数字
3.559	非数字
0.321	88.800
0.321	88.800
17.060	0.081
17.060	0.081
62.154	非数字
62.154	非数字
14.756	非数字
14.756	非数字
14.103	78.017
14.103	78.017
19.475	18.995
19.475	18.995
33.251	19.503
33.251	19.503
-0.919	43.205
-0.919	43.205
14.374	非数字
14.374	非数字
-0.686	1000000.000
-0.686	1000000.000
-2.886	20.370
-2.886	20.370
-12.260	1000000.000
-12.260	1000000.000
-2.432	1000000.000
-2.432	1000000.000
-2.432	1000000.000
0.208	-0.449
