[-20 , -18)	0 / 4 = 0.000
[-18 , -16)	0 / 7 = 0.000
[-16 , -14)	5 / 5 = 1.000
[-14 , -12)	1 / 9 = 0.111
[-12 , -10)	6 / 13 = 0.462
[-10 , -8)	7 / 21 = 0.333
[-8 , -6)	9 / 32 = 0.281
[-6 , -4)	11 / 206 = 0.053
[-4 , -2)	66 / 1158 = 0.057
[-2 , 0)	44 / 1048 = 0.042
[0 , 2)	86 / 2193 = 0.039
[2 , 4)	33 / 807 = 0.041
[4 , 6)	6 / 98 = 0.061
[6 , 8)	1 / 18 = 0.056
[8 , 10)	0 / 5 = 0.000
[10 , 12)	0 / 3 = 0.000
[12 , 14)	0 / 2 = 0.000
[14 , 16)	1 / 3 = 0.333
[16 , 18)	0 / 1 = 0.000
[18 , 20)	0 / 3 = 0.000
[20 , 22)	0 / 0 = 非数字
