0 435195.1
310077.2 902912.9
563056.1 1412351.5
1669016.4 2128133.8
1481971 2289663
921117.3 2994792
668802.4 2716510.5
362799.2 2251902.3
0 1882027.3
0 1932038.4
678809.6 1877308
0 1783469.9
0 1161698.3
0 1072793.9
393719.4 315287.1
358886.2 0
372943 279381.1
661721.3 399320.5
586197.7 657952.9
484697.5 529501.6
774509.3 669930.1
252849.5 0
651473.8 615495.1
0 382840.6
443090.6 502290
1316346 679647.4
7888504 2275791.8
15798017 1551176.8
25500574 1496515.5
25313520 2165706
23323490 1704106.6
20935396 1565622
19558150 0
15731675 940783.9
13673185 851092.7
11198703 0
9610148 607311.7
6659523.5 534090.4
7692945.5 0
5286911.5 0
3898370.8 298966.4
3443416.8 0
2679450.5 0
1949815.5 0
1316259.1 0
912814.1 154490.4
895865.6 0
0 0
0 0
0 0
0 0
0 0
0 0
0 0
0 0
0 0
0 0
0 0
0 0
0 0
