1051	942.234166	10	1.0e-010
1066	1046.815055	9	1.0e-010
1075	856.57858	11	1.0e-010
1315	1275.165076	9	1.0e-010
1324	1147.744802	10	1.0e-010
1326	883.039506	13	1.0e-010
1361	1275.165457	9	1.0e-010
1363	1434.434307	8	1.0e-010
1381	956.540933	12	1.0e-010
1407	1429.060596	8	1.0e-010
1416	953.125715	12	1.0e-010
1425	1039.680294	11	1.0e-010
1427	1270.385412	9	1.0e-010
1429	1429.185707	8	1.0e-010
1432	673.090417	17	1.0e-010
1434	747.582469	13	1.0e-010
1436	971.553157	10	1.0e-010
1440	1214.062601	8	1.0e-010
1449	694.255342	14	1.0e-010
1451	1079.39061	9	1.0e-010
1454	1270.497147	9	1.0e-010
1458	1633.065736	7	1.0e-010
1465	1429.185317	8	1.0e-010
1478	817.03718	14	1.0e-010
1509	1429.183851	8	1.0e-010
1526	950.70631	12	1.0e-010
1531	1425.680281	8	1.0e-010
1537	1267.274231	9	1.0e-010
1539	762.700665	15	1.0e-010
1542	814.03796	14	1.0e-010
1544	876.578413	13	1.0e-010
1548	949.625011	12	1.0e-010
1550	1423.936556	8	1.0e-010
1553	1035.772683	11	1.0e-010
1555	1423.936534	8	1.0e-010
1557	1265.719872	9	1.0e-010
1561	1139.244016	10	1.0e-010
1564	1627.207659	7	1.0e-010
1568	814.037915	14	1.0e-010
1570	1265.720771	9	1.0e-010
1572	759.836004	15	1.0e-010
1577	814.037861	14	1.0e-010
1583	814.037861	14	1.0e-010
1588	876.578362	13	1.0e-010
1597	949.542216	12	1.0e-010
1599	1035.862808	11	1.0e-010
1601	814.037767	14	1.0e-010
1603	759.835875	15	1.0e-010
1605	759.835875	15	1.0e-010
1608	876.578652	13	1.0e-010
1610	712.409252	16	1.0e-010
1612	759.83621	15	1.0e-010
1616	759.83621	15	1.0e-010
1619	814.037759	14	1.0e-010
1621	759.835963	15	1.0e-010
1623	876.6543	13	1.0e-010
1627	949.625375	12	1.0e-010
1630	949.542007	12	1.0e-010
1641	759.835148	15	1.0e-010
1643	759.835148	15	1.0e-010
1645	712.470441	16	1.0e-010
1649	1035.77146	11	1.0e-010
1660	1423.9327	8	1.0e-010
1667	1265.828588	9	1.0e-010
1674	811.037084	14	1.0e-010
1676	873.346605	13	1.0e-010
1678	757.035105	15	1.0e-010
1680	709.84482	16	1.0e-010
1682	1418.56021	8	1.0e-010
1687	946.041518	12	1.0e-010
1689	1261.052452	9	1.0e-010
1691	668.148953	17	1.0e-010
1693	1031.95363	11	1.0e-010
1696	1418.560356	8	1.0e-010
1700	1135.04662	10	1.0e-010
1702	1418.560356	8	1.0e-010
1707	811.037191	14	1.0e-010
1709	946.041638	12	1.0e-010
1711	811.037191	14	1.0e-010
1713	757.035272	15	1.0e-010
1715	1261.163485	9	1.0e-010
1720	757.100474	15	1.0e-010
1722	873.346786	13	1.0e-010
1744	1031.953999	11	1.0e-010
1751	873.422885	13	1.0e-010
1753	873.422885	13	1.0e-010
1759	757.035759	15	1.0e-010
1764	1031.953595	11	1.0e-010
1770	946.042241	12	1.0e-010
1775	811.037395	14	1.0e-010
1784	811.037145	14	1.0e-010
1786	757.100684	15	1.0e-010
1795	873.422734	13	1.0e-010
1799	1418.560396	8	1.0e-010
1801	631.030209	18	1.0e-010
1803	811.037042	14	1.0e-010
1806	946.124269	12	1.0e-010
1810	1261.163999	9	1.0e-010
1812	1032.044012	11	1.0e-010
1814	1418.560037	8	1.0e-010
1817	1418.559619	8	1.0e-010
1819	1418.559619	8	1.0e-010
1823	631.030237	18	1.0e-010
1828	811.036699	14	1.0e-010
1830	811.036699	14	1.0e-010
1850	811.036709	14	1.0e-010
1854	946.123799	12	1.0e-010
1856	1261.162249	9	1.0e-010
1858	1031.950866	11	1.0e-010
1861	757.100602	15	1.0e-010
1865	873.422422	13	1.0e-010
1867	873.422422	13	1.0e-010
1869	873.422422	13	1.0e-010
1872	757.100667	15	1.0e-010
1883	946.040357	12	1.0e-010
1891	1418.557414	8	1.0e-010
1894	811.107091	14	1.0e-010
1898	1261.161356	9	1.0e-010
1905	871.267022	13	1.0e-010
1909	811.107269	14	1.0e-010
1938	870.191253	13	1.0e-010
1940	707.158173	16	1.0e-010
1942	1413.43461	8	1.0e-010
1944	942.623784	12	1.0e-010
1951	1413.309257	8	1.0e-010
1953	1028.223206	11	1.0e-010
1955	1130.845155	10	1.0e-010
1957	628.751775	18	1.0e-010
1962	942.540924	12	1.0e-010
1964	870.115447	13	1.0e-010
1971	1256.384998	9	1.0e-010
1975	1256.384998	9	1.0e-010
1979	707.158163	16	1.0e-010
1984	754.234839	15	1.0e-010
1986	808.106286	14	1.0e-010
1993	808.036664	14	1.0e-010
1995	808.036664	14	1.0e-010
1997	870.19132	13	1.0e-010
1999	754.234998	15	1.0e-010
2010	942.541054	12	1.0e-010
2012	1413.434179	8	1.0e-010
2015	754.234737	15	1.0e-010
2017	808.036513	14	1.0e-010
2019	1413.434276	8	1.0e-010
2023	870.115538	13	1.0e-010
2032	1256.385539	9	1.0e-010
2037	1028.224267	11	1.0e-010
2043	808.036209	14	1.0e-010
2045	1413.309268	8	1.0e-010
2052	942.540655	12	1.0e-010
2059	870.115002	13	1.0e-010
2063	942.623235	12	1.0e-010
2067	808.03604	14	1.0e-010
2070	1413.433417	8	1.0e-010
2072	1256.384794	9	1.0e-010
2074	1028.133481	11	1.0e-010
2076	628.69595	18	1.0e-010
2078	1413.433417	8	1.0e-010
2081	754.234312	15	1.0e-010
2083	870.114933	13	1.0e-010
2087	1130.945854	10	1.0e-010
2100	942.540597	12	1.0e-010
2105	942.540591	12	1.0e-010
2107	1256.384783	9	1.0e-010
2111	754.299774	15	1.0e-010
2114	808.036244	14	1.0e-010
2116	808.036244	14	1.0e-010
2118	754.299919	15	1.0e-010
2120	870.190971	13	1.0e-010
2131	870.190947	13	1.0e-010
2136	754.234398	15	1.0e-010
2138	808.036361	14	1.0e-010
2142	1413.433541	8	1.0e-010
2144	942.54077	12	1.0e-010
2149	1413.4331	8	1.0e-010
2151	665.677764	17	1.0e-010
2153	870.114933	13	1.0e-010
2158	1256.384473	9	1.0e-010
2162	808.106452	14	1.0e-010
2169	942.623338	12	1.0e-010
2177	754.234238	15	1.0e-010
2180	870.190996	13	1.0e-010
2184	942.623265	12	1.0e-010
2191	1413.43303	8	1.0e-010
2195	870.190969	13	1.0e-010
2197	1256.493412	9	1.0e-010
2199	1028.132269	11	1.0e-010
2204	1615.062297	7	1.0e-010
2206	1130.843348	10	1.0e-010
2210	1413.432641	8	1.0e-010
2213	754.234092	15	1.0e-010
2215	754.234092	15	1.0e-010
2221	942.539591	12	1.0e-010
2226	754.233987	15	1.0e-010
2228	870.190841	13	1.0e-010
2230	808.106275	14	1.0e-010
2232	870.190841	13	1.0e-010
2237	754.299677	15	1.0e-010
2246	754.233929	15	1.0e-010
2248	808.106222	14	1.0e-010
2254	942.539089	12	1.0e-010
2257	1413.43177	8	1.0e-010
2259	665.618913	17	1.0e-010
2261	1413.43177	8	1.0e-010
2263	942.622878	12	1.0e-010
2265	1413.43177	8	1.0e-010
2268	808.106395	14	1.0e-010
2272	1256.491807	9	1.0e-010
2279	942.538792	12	1.0e-010
2285	1028.129805	11	1.0e-010
2287	1028.129805	11	1.0e-010
2290	870.190742	13	1.0e-010
2292	705.405567	16	1.0e-010
2294	942.538838	12	1.0e-010
2301	752.365538	15	1.0e-010
2303	1409.926052	8	1.0e-010
2309	1025.584215	11	1.0e-010
2320	1611.198801	7	1.0e-010
2323	752.365439	15	1.0e-010
2329	752.365439	15	1.0e-010
2334	867.95832	13	1.0e-010
2336	806.033762	14	1.0e-010
2338	754.299287	15	1.0e-010
2340	867.95832	13	1.0e-010
2342	806.033762	14	1.0e-010
2347	1128.039411	10	1.0e-010
2351	752.365338	15	1.0e-010
2353	870.190332	13	1.0e-010
2356	752.365346	15	1.0e-010
2364	806.033762	14	1.0e-010
2367	940.203708	12	1.0e-010
2373	806.033702	14	1.0e-010
2375	1409.802376	8	1.0e-010
2378	806.033607	14	1.0e-010
2380	1253.378231	9	1.0e-010
2384	806.033607	14	1.0e-010
2386	1409.801742	8	1.0e-010
2389	1413.429355	8	1.0e-010
2391	806.033575	14	1.0e-010
2397	940.286417	12	1.0e-010
2400	867.958171	13	1.0e-010
2402	705.467438	16	1.0e-010
2404	940.203819	12	1.0e-010
2413	752.364893	15	1.0e-010
2415	868.034842	13	1.0e-010
2417	1253.267918	9	1.0e-010
2422	1409.801296	8	1.0e-010
2426	752.364829	15	1.0e-010
2430	868.034865	13	1.0e-010
2433	752.364798	15	1.0e-010
2437	1025.675121	11	1.0e-010
2444	868.034676	13	1.0e-010
2446	806.033185	14	1.0e-010
2448	806.033185	14	1.0e-010
2450	752.364771	15	1.0e-010
2452	868.034676	13	1.0e-010
2457	752.364754	15	1.0e-010
2461	705.404709	16	1.0e-010
2466	752.36467	15	1.0e-010
2470	754.298917	15	1.0e-010
2474	806.1041	14	1.0e-010
2477	940.202331	12	1.0e-010
2479	808.105453	14	1.0e-010
2481	1413.431384	8	1.0e-010
2488	806.033047	14	1.0e-010
2490	1256.377466	9	1.0e-010
2492	1409.800711	8	1.0e-010
2496	942.537257	12	1.0e-010
2499	1409.800701	8	1.0e-010
2501	808.105458	14	1.0e-010
2510	867.957276	13	1.0e-010
2516	940.201475	12	1.0e-010
2521	752.364275	15	1.0e-010
2523	1413.303549	8	1.0e-010
2525	867.957306	13	1.0e-010
2527	1253.263496	9	1.0e-010
2529	1130.940095	10	1.0e-010
2538	1028.223943	11	1.0e-010
2549	942.537557	12	1.0e-010
2554	808.033934	14	1.0e-010
2556	870.112522	13	1.0e-010
2558	808.033934	14	1.0e-010
2567	870.189528	13	1.0e-010
2573	1413.427304	8	1.0e-010
2580	808.105247	14	1.0e-010
2587	808.033974	14	1.0e-010
2589	1413.3042	8	1.0e-010
2598	808.033946	14	1.0e-010
2602	1413.427644	8	1.0e-010
2604	942.621247	12	1.0e-010
2611	1413.427432	8	1.0e-010
2615	1413.427432	8	1.0e-010
2617	754.298608	15	1.0e-010
2620	870.1896	13	1.0e-010
2626	942.621566	12	1.0e-010
2635	870.189493	13	1.0e-010
2637	1256.37883	9	1.0e-010
2664	808.033983	14	1.0e-010
2666	870.113027	13	1.0e-010
2668	808.033983	14	1.0e-010
2675	870.11281	13	1.0e-010
2679	870.11281	13	1.0e-010
2686	754.231998	15	1.0e-010
2694	808.105117	14	1.0e-010
2697	1413.427622	8	1.0e-010
2725	942.621986	12	1.0e-010
2732	870.112935	13	1.0e-010
2734	942.536955	12	1.0e-010
2743	1256.488435	9	1.0e-010
2745	1413.429086	8	1.0e-010
2754	870.11288	13	1.0e-010
2774	808.104971	14	1.0e-010
2778	808.104971	14	1.0e-010
2780	1413.428398	8	1.0e-010
2791	870.189636	13	1.0e-010
2818	1413.428445	8	1.0e-010
2820	870.189394	13	1.0e-010
2822	808.104844	14	1.0e-010
2840	870.189181	13	1.0e-010
2842	942.53646	12	1.0e-010
2851	1256.510507	9	1.0e-010
2877	754.298726	15	1.0e-010
2895	1413.303997	8	1.0e-010
2903	870.112476	13	1.0e-010
2906	754.231978	15	1.0e-010
2912	870.189155	13	1.0e-010
2919	1413.304349	8	1.0e-010
2930	808.105539	14	1.0e-010
2934	707.21814	16	1.0e-010
2947	1256.385141	9	1.0e-010
2950	870.112755	13	1.0e-010
2954	942.619857	12	1.0e-010
2961	1256.494136	9	1.0e-010
2963	707.155534	16	1.0e-010
1312	820.037117	14	1.0e-010
1411	817.037497	14	1.0e-010
1413	879.809169	13	1.0e-010
1415	762.701367	15	1.0e-010
1417	953.125715	12	1.0e-010
1426	1039.680294	11	1.0e-010
1433	673.090417	17	1.0e-010
1435	747.582469	13	1.0e-010
1437	971.553157	10	1.0e-010
1439	879.809052	13	1.0e-010
1444	762.701349	15	1.0e-010
1446	817.037391	14	1.0e-010
1448	879.809027	13	1.0e-010
1450	694.255342	14	1.0e-010
1463	817.037373	14	1.0e-010
1468	953.042089	12	1.0e-010
1472	762.701276	15	1.0e-010
1474	817.037365	14	1.0e-010
1477	879.808754	13	1.0e-010
1479	817.03718	14	1.0e-010
1485	715.095639	16	1.0e-010
1490	879.808473	13	1.0e-010
1503	879.808119	13	1.0e-010
1505	762.70077	15	1.0e-010
1521	815.035018	14	1.0e-010
1525	879.807904	13	1.0e-010
1527	950.70631	12	1.0e-010
1536	762.700665	15	1.0e-010
1540	760.833714	15	1.0e-010
1543	814.03796	14	1.0e-010
1545	876.578413	13	1.0e-010
1547	712.409065	16	1.0e-010
1549	949.625011	12	1.0e-010
1554	1035.772683	11	1.0e-010
1562	1139.244016	10	1.0e-010
1567	633.363969	18	1.0e-010
1569	814.037915	14	1.0e-010
1571	1265.720771	9	1.0e-010
1573	759.836004	15	1.0e-010
1576	876.578372	13	1.0e-010
1580	949.625147	12	1.0e-010
1584	814.037861	14	1.0e-010
1587	670.561748	17	1.0e-010
1589	876.578362	13	1.0e-010
1600	1035.862808	11	1.0e-010
1602	814.037767	14	1.0e-010
1604	759.835875	15	1.0e-010
1606	759.835875	15	1.0e-010
1609	876.578652	13	1.0e-010
1617	759.83621	15	1.0e-010
1620	814.037759	14	1.0e-010
1628	949.625375	12	1.0e-010
1631	949.542007	12	1.0e-010
1642	759.835148	15	1.0e-010
1644	759.835148	15	1.0e-010
1646	712.470441	16	1.0e-010
1650	1033.313288	11	1.0e-010
1653	876.654104	13	1.0e-010
1655	814.037027	14	1.0e-010
1657	710.719556	16	1.0e-010
1659	949.625082	12	1.0e-010
1672	814.03675	14	1.0e-010
1675	811.037084	14	1.0e-010
1677	873.346605	13	1.0e-010
1679	757.035105	15	1.0e-010
1681	709.84482	16	1.0e-010
1688	946.041518	12	1.0e-010
1690	1261.052452	9	1.0e-010
1692	668.148953	17	1.0e-010
1694	1031.95363	11	1.0e-010
1699	1621.20915	7	1.0e-010
1701	1135.04662	10	1.0e-010
1708	811.037191	14	1.0e-010
1712	811.037191	14	1.0e-010
1714	757.035272	15	1.0e-010
1716	1261.163485	9	1.0e-010
1721	757.100474	15	1.0e-010
1723	873.346786	13	1.0e-010
1725	757.100474	15	1.0e-010
1741	709.784016	16	1.0e-010
1743	946.042263	12	1.0e-010
1745	1031.953999	11	1.0e-010
1749	709.784016	16	1.0e-010
1752	873.422885	13	1.0e-010
1754	873.422885	13	1.0e-010
1756	668.149476	17	1.0e-010
1760	757.035759	15	1.0e-010
1765	1031.953595	11	1.0e-010
1767	709.783912	16	1.0e-010
1771	946.042241	12	1.0e-010
1774	811.037395	14	1.0e-010
1776	811.037395	14	1.0e-010
1780	1261.164095	9	1.0e-010
1785	811.037145	14	1.0e-010
1787	757.100684	15	1.0e-010
1796	873.422734	13	1.0e-010
1798	709.783517	16	1.0e-010
1802	631.030209	18	1.0e-010
1804	811.037042	14	1.0e-010
1807	946.124269	12	1.0e-010
1809	668.149053	17	1.0e-010
1811	1261.163999	9	1.0e-010
1813	1032.044012	11	1.0e-010
1822	1135.145625	10	1.0e-010
1824	631.030237	18	1.0e-010
1829	811.036699	14	1.0e-010
1831	811.036699	14	1.0e-010
1835	709.783239	16	1.0e-010
1842	946.123936	12	1.0e-010
1851	811.036709	14	1.0e-010
1853	1258.044853	9	1.0e-010
1855	943.705264	12	1.0e-010
1857	1258.044853	9	1.0e-010
1859	1029.493381	11	1.0e-010
1862	757.100602	15	1.0e-010
1864	709.783128	16	1.0e-010
1866	873.422422	13	1.0e-010
1868	873.422422	13	1.0e-010
1870	873.422422	13	1.0e-010
1873	757.100667	15	1.0e-010
1875	811.036631	14	1.0e-010
1877	709.845269	16	1.0e-010
1884	946.040357	12	1.0e-010
1890	668.148894	17	1.0e-010
1895	811.107091	14	1.0e-010
1903	757.100855	15	1.0e-010
1906	871.267022	13	1.0e-010
1910	811.107269	14	1.0e-010
1939	870.191253	13	1.0e-010
1941	707.158173	16	1.0e-010
1945	942.623784	12	1.0e-010
1947	665.619555	17	1.0e-010
1950	1256.384994	9	1.0e-010
1954	1028.223206	11	1.0e-010
1956	1130.845155	10	1.0e-010
1958	628.751775	18	1.0e-010
1961	1615.204703	7	1.0e-010
1963	942.540924	12	1.0e-010
1965	870.115447	13	1.0e-010
1969	754.234772	15	1.0e-010
1972	1256.384998	9	1.0e-010
1978	1615.06384	7	1.0e-010
1980	707.158163	16	1.0e-010
1985	754.234839	15	1.0e-010
1991	754.234839	15	1.0e-010
1994	808.036664	14	1.0e-010
1996	808.036664	14	1.0e-010
1998	870.19132	13	1.0e-010
2000	754.234998	15	1.0e-010
2005	665.619587	17	1.0e-010
2007	815.103402	14	1.0e-010
2011	942.541054	12	1.0e-010
2016	754.234737	15	1.0e-010
2018	808.036513	14	1.0e-010
2022	707.158072	16	1.0e-010
2024	870.115538	13	1.0e-010
2031	665.619582	17	1.0e-010
2033	1256.385539	9	1.0e-010
2038	1028.224267	11	1.0e-010
2042	807.036264	14	1.0e-010
2053	942.540655	12	1.0e-010
2060	870.115002	13	1.0e-010
2062	707.157781	16	1.0e-010
2064	942.623235	12	1.0e-010
2066	665.619357	17	1.0e-010
2068	808.03604	14	1.0e-010
2073	1256.384794	9	1.0e-010
2075	1028.133481	11	1.0e-010
2077	628.69595	18	1.0e-010
2082	754.234312	15	1.0e-010
2084	870.114933	13	1.0e-010
2086	1615.063391	7	1.0e-010
2088	1130.945854	10	1.0e-010
2093	707.219418	16	1.0e-010
2097	754.299722	15	1.0e-010
2099	707.219418	16	1.0e-010
2101	942.540597	12	1.0e-010
2106	942.540591	12	1.0e-010
2108	1256.384783	9	1.0e-010
2112	754.299774	15	1.0e-010
2117	808.036244	14	1.0e-010
2119	754.299919	15	1.0e-010
2121	870.190971	13	1.0e-010
2123	1256.384911	9	1.0e-010
2126	665.619457	17	1.0e-010
2132	870.190947	13	1.0e-010
2137	754.234398	15	1.0e-010
2139	808.036361	14	1.0e-010
2145	942.54077	12	1.0e-010
2152	665.677764	17	1.0e-010
2154	870.114933	13	1.0e-010
2156	1413.4331	8	1.0e-010
2159	1256.384473	9	1.0e-010
2161	1256.384473	9	1.0e-010
2163	808.106452	14	1.0e-010
2170	942.623338	12	1.0e-010
2172	707.219583	16	1.0e-010
2174	808.106385	14	1.0e-010
2176	628.751741	18	1.0e-010
2181	870.190996	13	1.0e-010
2183	707.157643	16	1.0e-010
2185	942.623265	12	1.0e-010
2187	665.677703	17	1.0e-010
2192	1413.43303	8	1.0e-010
2194	754.234186	15	1.0e-010
2196	870.190969	13	1.0e-010
2198	1256.493412	9	1.0e-010
2200	1028.132269	11	1.0e-010
2203	707.157539	16	1.0e-010
2207	1130.843348	10	1.0e-010
2211	1413.432641	8	1.0e-010
2214	754.234092	15	1.0e-010
2216	754.234092	15	1.0e-010
2220	707.157537	16	1.0e-010
2222	942.539591	12	1.0e-010
2225	808.106275	14	1.0e-010
2227	754.233987	15	1.0e-010
2229	870.190841	13	1.0e-010
2231	808.106275	14	1.0e-010
2233	870.190841	13	1.0e-010
2236	665.677546	17	1.0e-010
2238	754.299677	15	1.0e-010
2240	665.677546	17	1.0e-010
2247	754.233929	15	1.0e-010
2249	808.106222	14	1.0e-010
2251	707.219179	16	1.0e-010
2255	942.539089	12	1.0e-010
2258	1413.43177	8	1.0e-010
2260	665.618913	17	1.0e-010
2264	942.622878	12	1.0e-010
2269	808.106395	14	1.0e-010
2273	1256.491807	9	1.0e-010
2275	627.138824	18	1.0e-010
2280	942.538792	12	1.0e-010
2286	1028.129805	11	1.0e-010
2288	1028.22	11	1.0e-010
2291	870.190742	13	1.0e-010
2293	705.405567	16	1.0e-010
2295	940.203316	12	1.0e-010
2297	663.970284	17	1.0e-010
2302	752.365538	15	1.0e-010
2306	870.190591	13	1.0e-010
2308	1258.154682	9	1.0e-010
2313	707.219214	16	1.0e-010
2324	752.365439	15	1.0e-010
2330	752.365439	15	1.0e-010
2335	867.95832	13	1.0e-010
2337	806.033762	14	1.0e-010
2339	754.299287	15	1.0e-010
2341	867.95832	13	1.0e-010
2343	806.033762	14	1.0e-010
2346	663.970141	17	1.0e-010
2350	663.970141	17	1.0e-010
2352	752.365338	15	1.0e-010
2354	867.958367	13	1.0e-010
2357	752.365346	15	1.0e-010
2359	806.033762	14	1.0e-010
2368	940.203708	12	1.0e-010
2372	663.9701	17	1.0e-010
2374	806.033702	14	1.0e-010
2379	806.033607	14	1.0e-010
2381	1253.378231	9	1.0e-010
2385	806.033607	14	1.0e-010
2387	1409.801742	8	1.0e-010
2390	1409.801476	8	1.0e-010
2392	806.033575	14	1.0e-010
2396	705.405305	16	1.0e-010
2398	940.286417	12	1.0e-010
2401	867.958171	13	1.0e-010
2403	705.467438	16	1.0e-010
2405	940.203819	12	1.0e-010
2407	663.969732	17	1.0e-010
2414	752.364893	15	1.0e-010
2416	868.034842	13	1.0e-010
2425	705.40503	16	1.0e-010
2427	752.364829	15	1.0e-010
2429	627.137813	18	1.0e-010
2431	868.034865	13	1.0e-010
2434	752.364798	15	1.0e-010
2436	705.404905	16	1.0e-010
2445	868.034676	13	1.0e-010
2447	806.033185	14	1.0e-010
2449	806.033185	14	1.0e-010
2451	752.364771	15	1.0e-010
2453	868.034676	13	1.0e-010
2456	663.969491	17	1.0e-010
2458	752.364754	15	1.0e-010
2460	870.189618	13	1.0e-010
2464	663.969491	17	1.0e-010
2467	752.36467	15	1.0e-010
2469	806.1041	14	1.0e-010
2471	754.298917	15	1.0e-010
2475	806.1041	14	1.0e-010
2478	940.202331	12	1.0e-010
2480	808.105453	14	1.0e-010
2486	663.969226	17	1.0e-010
2495	806.033047	14	1.0e-010
2497	940.201829	12	1.0e-010
2502	808.105458	14	1.0e-010
2511	867.957276	13	1.0e-010
2515	665.617706	17	1.0e-010
2517	940.201475	12	1.0e-010
2519	705.404545	16	1.0e-010
2522	752.364275	15	1.0e-010
2526	867.957306	13	1.0e-010
2533	707.155756	16	1.0e-010
2546	705.404583	16	1.0e-010
2555	808.033934	14	1.0e-010
2557	870.112522	13	1.0e-010
2559	808.033934	14	1.0e-010
2561	754.29876	15	1.0e-010
2563	870.112522	13	1.0e-010
2568	870.189528	13	1.0e-010
2570	665.617531	17	1.0e-010
2572	665.617531	17	1.0e-010
2577	754.232122	15	1.0e-010
2579	754.232122	15	1.0e-010
2581	808.105247	14	1.0e-010
2583	808.105247	14	1.0e-010
2588	808.033974	14	1.0e-010
2594	665.617349	17	1.0e-010
2599	808.033946	14	1.0e-010
2601	707.21786	16	1.0e-010
2605	942.621247	12	1.0e-010
2614	707.155692	16	1.0e-010
2618	754.232124	15	1.0e-010
2621	870.1896	13	1.0e-010
2623	707.155719	16	1.0e-010
2629	665.676446	17	1.0e-010
2632	754.232027	15	1.0e-010
2636	870.189493	13	1.0e-010
2665	808.033983	14	1.0e-010
2667	870.113027	13	1.0e-010
2669	808.033983	14	1.0e-010
2671	754.231952	15	1.0e-010
2676	870.11281	13	1.0e-010
2680	870.11281	13	1.0e-010
2687	754.231998	15	1.0e-010
2689	754.231998	15	1.0e-010
2695	808.105117	14	1.0e-010
2700	808.033854	14	1.0e-010
2722	707.155655	16	1.0e-010
2728	754.23192	15	1.0e-010
2731	707.155758	16	1.0e-010
2733	870.112935	13	1.0e-010
2739	707.155758	16	1.0e-010
2755	870.11288	13	1.0e-010
2757	707.21809	16	1.0e-010
2764	754.298631	15	1.0e-010
2770	707.218058	16	1.0e-010
2775	808.104971	14	1.0e-010
2779	808.104971	14	1.0e-010
2788	754.232015	15	1.0e-010
2792	870.189636	13	1.0e-010
2794	870.112773	13	1.0e-010
2797	754.231842	15	1.0e-010
2799	754.231842	15	1.0e-010
2814	808.104951	14	1.0e-010
2821	870.189394	13	1.0e-010
2823	808.104844	14	1.0e-010
2834	707.218253	16	1.0e-010
2841	870.189181	13	1.0e-010
2856	754.231915	15	1.0e-010
2858	754.231915	15	1.0e-010
2878	754.298726	15	1.0e-010
2885	808.10543	14	1.0e-010
2898	870.112476	13	1.0e-010
2900	754.23194	15	1.0e-010
2904	870.112476	13	1.0e-010
2907	754.231978	15	1.0e-010
2913	870.189155	13	1.0e-010
2931	808.105539	14	1.0e-010
2935	707.21814	16	1.0e-010
2951	870.112755	13	1.0e-010
2953	707.218006	16	1.0e-010
2964	707.155534	16	1.0e-010
